//(x r nr) 
( 
(0.7 0.15 1.0)
(0.7026933067626224 0.15 0.9577185059606415)
(0.7053975353002399 0.15 0.9356101437407506)
(0.7081126856128522 0.15 0.9172538207080304)
(0.7108387577004595 0.15 0.9010717961217765)
(0.7135757515630617 0.15 0.886441243479434)
(0.7163236672006588 0.15 0.8730337564800036)
(0.7190825046132509 0.15 0.860647026869576)
(0.7218522638008378 0.15 0.8491432702860925)
(0.7246329447634197 0.15 0.8384217487832696)
(0.7274245475009965 0.15 0.8284048122547655)
(0.7302270720135683 0.15 0.8190301219831015)
(0.7330405183011349 0.15 0.810246006720389)
(0.7358648863636965 0.15 0.8020085345748268)
(0.7387001762012531 0.15 0.7942795841632814)
(0.7415463878138044 0.15 0.787025527375615)
(0.7444035212013508 0.15 0.7802163022042801)
(0.7472715763638921 0.15 0.7738247431170063)
(0.7501505533014282 0.15 0.7678260865854175)
(0.7530404520139594 0.15 0.7621975988286402)
(0.7559412725014855 0.15 0.7569182907626647)
(0.7588530147640064 0.15 0.7519686964149099)
(0.7617756788015223 0.15 0.7473306983433502)
(0.7647092646140331 0.15 0.7429873884191048)
(0.7676537722015389 0.15 0.73892295559254)
(0.7706092015640394 0.15 0.7351225945132899)
(0.7735755527015351 0.15 0.731572430455211)
(0.7765528256140256 0.15 0.728259457125464)
(0.779541020301511 0.15 0.7251714847540702)
(0.7825401367639914 0.15 0.7222970964601648)
(0.7855501750014666 0.15 0.7196256113370023)
(0.7885711350139368 0.15 0.7171470530329233)
(0.791603016801402 0.15 0.7148521228601074)
(0.794645820363862 0.15 0.7127321766582683)
(0.797699545701317 0.15 0.7107792047916734)
(0.8007641928137669 0.15 0.7089858147759471)
(0.8038397617012116 0.15 0.7073452161240407)
(0.8069262523636513 0.15 0.7058512070744465)
(0.810023664801086 0.15 0.7044981629235629)
(0.8131319990135156 0.15 0.7032810257314077)
(0.8162512550009402 0.15 0.702195295208129)
(0.8193814327633596 0.15 0.7012370206198745)
(0.8225225323007739 0.15 0.7004027935780348)
(0.8256745536131832 0.15 0.6996897415968096)
(0.8288374967005874 0.15 0.6990955223213452)
(0.8320113615629865 0.15 0.6986183183430571)
(0.8351961482003806 0.15 0.6982568325307426)
(0.8383918566127695 0.15 0.6980102838161112)
(0.8415984868001534 0.15 0.697878403380828)
(0.8448160387625323 0.15 0.6978614311992783)
(0.848044512499906 0.15 0.6979601128973143)
(0.8512839080122747 0.15 0.6981756968923911)
(0.8545342252996382 0.15 0.6985099317848789)
(0.8577954643619967 0.15 0.6989650639741074)
(0.8610676251993502 0.15 0.699543835475923)
(0.8643507078116985 0.15 0.7002494819213199)
(0.8676447121990418 0.15 0.70108573071812)
(0.87094963836138 0.15 0.702056799359749)
(0.8742654862987131 0.15 0.7031673938669777)
(0.8775922560110412 0.15 0.70442270735007)
(0.8809299474983641 0.15 0.7058284186801533)
(0.884278560760682 0.15 0.7073906912598477)
(0.8876380957979948 0.15 0.7091161718842288)
(0.8910085526103027 0.15 0.7110119896841489)
(0.8943899311976052 0.15 0.713085755144747)
(0.8977822315599029 0.15 0.7153455591927177)
(0.9011854536971954 0.15 0.7177999723465331)
(0.9045995976094827 0.15 0.7204580439243979)
(0.9080246632967651 0.15 0.7233293013052108)
(0.9114606507590424 0.15 0.7264237492382605)
(0.9149075599963146 0.15 0.7297518691977887)
(0.9183653910085817 0.15 0.733324618778899)
(0.9218341437958438 0.15 0.7371534311316289)
(0.9253138183581008 0.15 0.7412502144302722)
(0.9288044146953527 0.15 0.7456273513753062)
(0.9323059328075995 0.15 0.7502976987255133)
(0.9358183726948412 0.15 0.755274586858079)
(0.9393417343570778 0.15 0.7605718193546614)
(0.9428760177943095 0.15 0.7662036726115714)
(0.946421223006536 0.15 0.7721848954723726)
(0.9499773499937574 0.15 0.7785307088813517)
(0.9535443987559737 0.15 0.7852568055564144)
(0.9571223692931851 0.15 0.7923793496801058)
(0.9607112616053912 0.15 0.7999149766075329)
(0.9643110756925923 0.15 0.807880792590083)
(0.9679218115547884 0.15 0.8162943745138903)
(0.9715434691919793 0.15 0.825173769652122)
(0.9751760486041653 0.15 0.8345374954301772)
(0.9788195497913461 0.15 0.8444045392030042)
(0.9824739727535219 0.15 0.8547943580437765)
(0.9861393174906925 0.15 0.8657268785432134)
(0.9898155840028581 0.15 0.8772224966189207)
(0.9935027722900187 0.15 0.8893020773341268)
(0.9972008823521741 0.15 0.9019869547252619)
(1.0009099141893243 0.15 0.9152989316378625)
(1.0046298678014698 0.15 0.9292602795703077)
(1.00836074318861 0.15 0.9438937385249389)
(1.012102540350745 0.15 0.959222516866146)
(1.0158552592878751 0.15 0.9752702911850095)
(1.0196189 0.15 0.9920612061701544)
(0.7 0.16999999999999998 1.0)
(0.7027098967536815 0.16999999999999998 0.9696859795027636)
(0.7054299070965994 0.16999999999999998 0.9519380500518585)
(0.7081600310287536 0.16999999999999998 0.9367214444101741)
(0.7109002685501441 0.16999999999999998 0.9230631967685997)
(0.713650619660771 0.16999999999999998 0.9105735107711234)
(0.7164110843606343 0.16999999999999998 0.899042540232892)
(0.7191816626497339 0.16999999999999998 0.8883376316064593)
(0.7219623545280699 0.16999999999999998 0.8783657341092262)
(0.7247531599956422 0.16999999999999998 0.8690566252371338)
(0.7275540790524508 0.16999999999999998 0.8603543893146391)
(0.7303651116984958 0.16999999999999998 0.8522126701164702)
(0.7331862579337771 0.16999999999999998 0.8445918358415839)
(0.7360175177582949 0.16999999999999998 0.8374571915545223)
(0.738858891172049 0.16999999999999998 0.8307778016600624)
(0.7417103781750394 0.16999999999999998 0.8245256857554246)
(0.7445719787672661 0.16999999999999998 0.8186752526100429)
(0.7474436929487293 0.16999999999999998 0.8132028913705898)
(0.7503255207194286 0.16999999999999998 0.808086669695424)
(0.7532174620793645 0.16999999999999998 0.8033061064990132)
(0.7561195170285366 0.16999999999999998 0.7988419979338376)
(0.7590316855669451 0.16999999999999998 0.7946762821166178)
(0.7619539676945899 0.16999999999999998 0.7907919325499504)
(0.7648863634114711 0.16999999999999998 0.7871728731326775)
(0.7678288727175887 0.16999999999999998 0.7838039096431851)
(0.7707814956129426 0.16999999999999998 0.7806706739536337)
(0.7737442320975328 0.16999999999999998 0.7777595781980426)
(0.7767170821713594 0.16999999999999998 0.7750577768058952)
(0.7797000458344224 0.16999999999999998 0.7725531348117827)
(0.7826931230867217 0.16999999999999998 0.7702342012178159)
(0.7856963139282573 0.16999999999999998 0.7680901864577098)
(0.7887096183590293 0.16999999999999998 0.7661109432160498)
(0.7917330363790377 0.16999999999999998 0.7642869500116881)
(0.7947665679882824 0.16999999999999998 0.7626092970734613)
(0.7978102131867634 0.16999999999999998 0.7610696741287435)
(0.8008639719744808 0.16999999999999998 0.7596603597974341)
(0.8039278443514345 0.16999999999999998 0.7583742123407059)
(0.8070018303176246 0.16999999999999998 0.7572046615588276)
(0.8100859298730511 0.16999999999999998 0.756145701668289)
(0.8131801430177138 0.16999999999999998 0.7551918850173326)
(0.816284469751613 0.16999999999999998 0.7543383165223381)
(0.8193989100747484 0.16999999999999998 0.7535806487265065)
(0.8225234639871203 0.16999999999999998 0.7529150773978284)
(0.8256581314887285 0.16999999999999998 0.752338337596097)
(0.828802912579573 0.16999999999999998 0.751847700149295)
(0.8319578072596538 0.16999999999999998 0.7514409684884463)
(0.835122815528971 0.16999999999999998 0.7511164757973451)
(0.8382979373875247 0.16999999999999998 0.7508730824397033)
(0.8414831728353146 0.16999999999999998 0.7507101736314107)
(0.8446785218723408 0.16999999999999998 0.7506276573299565)
(0.8478839844986035 0.16999999999999998 0.7506259623167545)
(0.8510995607141025 0.16999999999999998 0.7507060364512479)
(0.8543252505188378 0.16999999999999998 0.7508693450783553)
(0.8575610539128095 0.16999999999999998 0.7511178695731093)
(0.8608069708960175 0.16999999999999998 0.7514541060083167)
(0.8640630014684618 0.16999999999999998 0.7518810639327598)
(0.8673291456301426 0.16999999999999998 0.752402265248936)
(0.8706054033810596 0.16999999999999998 0.7530217431805976)
(0.873891774721213 0.16999999999999998 0.7537440413214643)
(0.8771882596506029 0.16999999999999998 0.7545742127574403)
(0.880494858169229 0.16999999999999998 0.7555178192555115)
(0.8838115702770915 0.16999999999999998 0.756580930513237)
(0.8871383959741903 0.16999999999999998 0.7577701234633906)
(0.8904753352605255 0.16999999999999998 0.7590924816288726)
(0.8938223881360969 0.16999999999999998 0.7605555945235347)
(0.8971795546009048 0.16999999999999998 0.7621675570949711)
(0.900546834654949 0.16999999999999998 0.7639369692057458)
(0.9039242282982296 0.16999999999999998 0.7658729351498637)
(0.9073117355307465 0.16999999999999998 0.7679850632016008)
(0.9107093563524997 0.16999999999999998 0.7702834651940887)
(0.9141170907634893 0.16999999999999998 0.7727787561252847)
(0.9175349387637153 0.16999999999999998 0.7754820537891864)
(0.9209629003531776 0.16999999999999998 0.7784049784303447)
(0.9244009755318763 0.16999999999999998 0.7815596524198922)
(0.9278491642998112 0.16999999999999998 0.784958699951482)
(0.9313074666569827 0.16999999999999998 0.788615246755654)
(0.9347758826033904 0.16999999999999998 0.7925429198312847)
(0.9382544121390344 0.16999999999999998 0.7967558471928896)
(0.9417430552639148 0.16999999999999998 0.8012686576326464)
(0.9452418119780316 0.16999999999999998 0.8060964804961034)
(0.9487506822813847 0.16999999999999998 0.8112549454706288)
(0.9522696661739741 0.16999999999999998 0.8167601823857211)
(0.9557987636558 0.16999999999999998 0.8226288210243824)
(0.9593379747268621 0.16999999999999998 0.8288779909448103)
(0.9628872993871606 0.16999999999999998 0.835525321311735)
(0.9664467376366954 0.16999999999999998 0.842588940736753)
(0.9700162894754667 0.16999999999999998 0.8500874771271081)
(0.9735959549034743 0.16999999999999998 0.8580400575423465)
(0.9771857339207181 0.16999999999999998 0.8664663080583761)
(0.9807856265271984 0.16999999999999998 0.8753863536384519)
(0.9843956327229149 0.16999999999999998 0.8848208180106696)
(0.9880157525078679 0.16999999999999998 0.8947908235515715)
(0.9916459858820572 0.16999999999999998 0.9053179911754841)
(0.9952863328454828 0.16999999999999998 0.9164244402292641)
(0.9989367933981448 0.16999999999999998 0.928132788392117)
(1.002597367540043 0.16999999999999998 0.940466151580202)
(1.0062680552711778 0.16999999999999998 0.9534481438557452)
(1.0099488565915489 0.16999999999999998 0.9671028773404)
(1.0136397715011563 0.16999999999999998 0.981454962132619)
(1.0173408 0.16999999999999998 0.996529506228808)
(0.7 0.19 1.0)
(0.7027021570350921 0.19 0.9779036049886486)
(0.7054136809952565 0.19 0.9635836022014985)
(0.7081345718804932 0.19 0.9509923165275861)
(0.7108648296908023 0.19 0.9395358002635736)
(0.7136044544261838 0.19 0.9289712505431326)
(0.7163534460866375 0.19 0.9191643452271839)
(0.7191118046721636 0.19 0.9100274017009463)
(0.7218795301827621 0.19 0.9014967546597472)
(0.7246566226184328 0.19 0.8935226609425263)
(0.727443081979176 0.19 0.8860641711806454)
(0.7302389082649914 0.19 0.8790862727462375)
(0.7330441014758791 0.19 0.872558183586103)
(0.7358586616118392 0.19 0.8664522764390141)
(0.7386825886728716 0.19 0.8607433701812572)
(0.7415158826589763 0.19 0.8554082458770389)
(0.7443585435701534 0.19 0.8504253061380426)
(0.7472105714064028 0.19 0.8457743291037726)
(0.7500719661677245 0.19 0.8414362867738158)
(0.7529427278541186 0.19 0.8373932082416314)
(0.7558228564655851 0.19 0.8336280749675511)
(0.7587123520021238 0.19 0.8301247393687582)
(0.7616112144637349 0.19 0.8268678606786461)
(0.7645194438504183 0.19 0.8238428537986362)
(0.767437040162174 0.19 0.8210358480636805)
(0.770364003399002 0.19 0.8184336536694525)
(0.7733003335609024 0.19 0.8160237340899337)
(0.7762460306478752 0.19 0.8137941832286015)
(0.7792010946599203 0.19 0.8117337063466435)
(0.7821655255970377 0.19 0.8098316040320107)
(0.7851393234592274 0.19 0.808077758636926)
(0.7881224882464894 0.19 0.806462622734599)
(0.7911150199588238 0.19 0.8049772092394387)
(0.7941169185962306 0.19 0.8036130829068237)
(0.7971281841587097 0.19 0.8023623529840495)
(0.800148816646261 0.19 0.8012176668274529)
(0.8031788160588847 0.19 0.8001722043348541)
(0.8062181823965808 0.19 0.7992196730695299)
(0.8092669156593492 0.19 0.7983543039735498)
(0.8123250158471899 0.19 0.7975708475856762)
(0.8153924829601029 0.19 0.7968645706930889)
(0.8184693169980882 0.19 0.7962312533576177)
(0.821555517961146 0.19 0.7956671862665261)
(0.824651085849276 0.19 0.7951691683655747)
(0.8277560206624784 0.19 0.7947345047384509)
(0.8308703224007531 0.19 0.7943610047019302)
(0.8339939910641001 0.19 0.7940469800905354)
(0.8371270266525195 0.19 0.7937912437081512)
(0.8402694291660112 0.19 0.7935931079271507)
(0.8434211986045752 0.19 0.7934523834182144)
(0.8465823349682116 0.19 0.7933693779962417)
(0.8497528382569204 0.19 0.7933448955696416)
(0.8529327084707014 0.19 0.7933802351819069)
(0.8561219456095547 0.19 0.7934771901357532)
(0.8593205496734804 0.19 0.7936380471912959)
(0.8625285206624784 0.19 0.7938655858307497)
(0.8657458585765487 0.19 0.7941630775830342)
(0.8689725634156915 0.19 0.7945342854024217)
(0.8722086351799064 0.19 0.7949834630960371)
(0.8754540738691938 0.19 0.7955153547955928)
(0.8787088794835535 0.19 0.7961351944692544)
(0.8819730520229856 0.19 0.796848705469971)
(0.8852465914874899 0.19 0.797662100116997)
(0.8885294978770666 0.19 0.7985820793076688)
(0.8918217711917156 0.19 0.7996158321568091)
(0.8951234114314368 0.19 0.8007710356613895)
(0.8984344185962306 0.19 0.8020558543883265)
(0.9017547926860966 0.19 0.8034789401834826)
(0.9050845337010349 0.19 0.8050494319001485)
(0.9084236416410456 0.19 0.806776955145424)
(0.9117721165061285 0.19 0.808671622043088)
(0.915129958296284 0.19 0.8107440310116543)
(0.9184971670115116 0.19 0.8130052665564539)
(0.9218737426518115 0.19 0.8154668990746623)
(0.9252596852171839 0.19 0.8181409846723109)
(0.9286549947076286 0.19 0.8210400649923875)
(0.9320596711231456 0.19 0.8241771670532189)
(0.9354737144637348 0.19 0.8275658030963918)
(0.9388971247293966 0.19 0.8312199704435367)
(0.9423299019201306 0.19 0.835154151361343)
(0.9457720460359369 0.19 0.8393833129342462)
(0.9492235570768155 0.19 0.8439229069442504)
(0.9526844350427665 0.19 0.84878886975741)
(0.9561546799337898 0.19 0.8539976222165194)
(0.9596342917498855 0.19 0.8595660695396122)
(0.9631232704910535 0.19 0.8655116012238674)
(0.9666216161572937 0.19 0.8718520909546067)
(0.9701293287486064 0.19 0.878605896519024)
(0.9736464082649914 0.19 0.8857918597243761)
(0.9771728547064487 0.19 0.8934293063203402)
(0.9807086680729783 0.19 0.9015380459252853)
(0.9842538483645802 0.19 0.9101383719562254)
(0.9878083955812547 0.19 0.9192510615622214)
(0.9913723097230012 0.19 0.9288973755610362)
(0.9949455907898201 0.19 0.9390990583788458)
(0.9985282387817115 0.19 0.9498783379928264)
(1.002120253698675 0.19 0.9612579258764601)
(1.005721635540711 0.19 0.9732610169473921)
(1.0093323843078195 0.19 0.9859112895177021)
(1.0129525 0.19 0.9992329052464568)
(0.7 0.21000000000000002 1.0)
(0.7026714338608492 0.21000000000000002 0.9834496080597811)
(0.7053515220296299 0.21000000000000002 0.9718075686749418)
(0.7080402645063422 0.21000000000000002 0.9613824489615855)
(0.7107376612909859 0.21000000000000002 0.9518056241262549)
(0.7134437123835613 0.21000000000000002 0.9429225525340346)
(0.7161584177840683 0.21000000000000002 0.9346449337172373)
(0.7188817774925067 0.21000000000000002 0.9269130319073072)
(0.7216137915088767 0.21000000000000002 0.9196818935550083)
(0.7243544598331783 0.21000000000000002 0.9129151968967282)
(0.7271037824654114 0.21000000000000002 0.9065821275301342)
(0.7298617594055761 0.21000000000000002 0.9006556377686122)
(0.7326283906536722 0.21000000000000002 0.8951114071674252)
(0.7354036762096999 0.21000000000000002 0.8899271871080607)
(0.7381876160736592 0.21000000000000002 0.8850823690537667)
(0.74098021024555 0.21000000000000002 0.8805576897054892)
(0.7437814587253725 0.21000000000000002 0.8763350234682514)
(0.7465913615131263 0.21000000000000002 0.872397232564811)
(0.7494099186088119 0.21000000000000002 0.8687280563554282)
(0.7522371300124289 0.21000000000000002 0.8653120280136806)
(0.7550729957239775 0.21000000000000002 0.8621344107220216)
(0.7579175157434576 0.21000000000000002 0.8591811480731008)
(0.7607706900708692 0.21000000000000002 0.856438824992372)
(0.7636325187062124 0.21000000000000002 0.8538946365762996)
(0.7665030016494871 0.21000000000000002 0.8515363629704318)
(0.7693821389006934 0.21000000000000002 0.8493523489153197)
(0.7722699304598313 0.21000000000000002 0.8473314869420595)
(0.7751663763269007 0.21000000000000002 0.8454632034517602)
(0.7780714765019016 0.21000000000000002 0.8437374470961434)
(0.7809852309848341 0.21000000000000002 0.8421446790107652)
(0.7839076397756981 0.21000000000000002 0.84067586455213)
(0.7868387028744936 0.21000000000000002 0.8393224662649962)
(0.7897784202812208 0.21000000000000002 0.8380764378631628)
(0.7927267919958795 0.21000000000000002 0.8369302190507419)
(0.7956838180184697 0.21000000000000002 0.8358767310447841)
(0.7986494983489915 0.21000000000000002 0.8349093726865391)
(0.8016238329874447 0.21000000000000002 0.8340220170494477)
(0.8046068219338296 0.21000000000000002 0.8332090084684453)
(0.8075984651881459 0.21000000000000002 0.8324651599283299)
(0.8105987627503939 0.21000000000000002 0.8317857507595375)
(0.8136077146205734 0.21000000000000002 0.831166524598219)
(0.8166253207986844 0.21000000000000002 0.8306036875744871)
(0.819651581284727 0.21000000000000002 0.8300939066983926)
(0.8226864960787011 0.21000000000000002 0.8296343084178797)
(0.8257300651806068 0.21000000000000002 0.8292224773268385)
(0.828782288590444 0.21000000000000002 0.8288564550045904)
(0.8318431663082128 0.21000000000000002 0.8285347389708247)
(0.8349126983339131 0.21000000000000002 0.8282562817422517)
(0.837990884667545 0.21000000000000002 0.8280204899791281)
(0.8410777253091084 0.21000000000000002 0.8278272237114035)
(0.8441732202586033 0.21000000000000002 0.8276767956355978)
(0.8472773695160298 0.21000000000000002 0.8275699704746621)
(0.8503901730813879 0.21000000000000002 0.8275079643940617)
(0.8535116309546774 0.21000000000000002 0.8274924444681621)
(0.8566417431358986 0.21000000000000002 0.8275255281917206)
(0.8597805096250513 0.21000000000000002 0.8276097830319108)
(0.8629279304221354 0.21000000000000002 0.8277482260168381)
(0.8660840055271513 0.21000000000000002 0.8279443233569864)
(0.8692487349400986 0.21000000000000002 0.8282019900964244)
(0.8724221186609774 0.21000000000000002 0.8285255897909618)
(0.8756041566897879 0.21000000000000002 0.8289199342107567)
(0.8787948490265298 0.21000000000000002 0.8293902830651367)
(0.8819941956712033 0.21000000000000002 0.8299423437476441)
(0.8852021966238084 0.21000000000000002 0.8305822710995127)
(0.888418851884345 0.21000000000000002 0.8313166671899753)
(0.8916441614528131 0.21000000000000002 0.832152581111963)
(0.8948781253292128 0.21000000000000002 0.8330975087918929)
(0.898120743513544 0.21000000000000002 0.834159392812383)
(0.9013720160058067 0.21000000000000002 0.8353466222468267)
(0.9046319428060011 0.21000000000000002 0.8366680325048802)
(0.907900523914127 0.21000000000000002 0.8381329051879892)
(0.9111777593301844 0.21000000000000002 0.839750967954173)
(0.9144636490541733 0.21000000000000002 0.8415323943913492)
(0.9177581930860939 0.21000000000000002 0.8434878038985498)
(0.921061391425946 0.21000000000000002 0.845628261574434)
(0.9243732440737296 0.21000000000000002 0.8479652781125607)
(0.9276937510294447 0.21000000000000002 0.8505108097029237)
(0.9310229122930914 0.21000000000000002 0.8532772579392981)
(0.9343607278646697 0.21000000000000002 0.8562774697319852)
(0.9377071977441794 0.21000000000000002 0.8595247372255758)
(0.9410623219316208 0.21000000000000002 0.863032797721385)
(0.9444261004269937 0.21000000000000002 0.8668158336042325)
(0.9477985332302981 0.21000000000000002 0.8708884722732845)
(0.9511796203415341 0.21000000000000002 0.8752657860766748)
(0.9545693617607016 0.21000000000000002 0.8799632922496649)
(0.9579677574878007 0.21000000000000002 0.8849969528561002)
(0.9613748075228312 0.21000000000000002 0.8903831747329678)
(0.9647905118657935 0.21000000000000002 0.8961388094378347)
(0.9682148705166871 0.21000000000000002 0.902281153199007)
(0.9716478834755125 0.21000000000000002 0.9088279468682262)
(0.9750895507422692 0.21000000000000002 0.9157973758757515)
(0.9785398723169575 0.21000000000000002 0.9232080701876811)
(0.9819988481995774 0.21000000000000002 0.9310791042653822)
(0.9854664783901288 0.21000000000000002 0.9394299970268947)
(0.9889427628886118 0.21000000000000002 0.9482807118102013)
(0.9924277016950264 0.21000000000000002 0.9576516563382507)
(0.9959212948093724 0.21000000000000002 0.9675636826856315)
(0.9994235422316501 0.21000000000000002 0.9780380872468095)
(1.0029344439618593 0.21000000000000002 0.9890966107058279)
(1.006454 0.21000000000000002 1.0007614380073984)
(0.7 0.23 1.0)
(0.7026188633381898 0.23 0.9870996007384252)
(0.7052456792283317 0.23 0.9775459244490438)
(0.7078804476704257 0.23 0.9688989833406955)
(0.7105231686644715 0.23 0.9609111875441001)
(0.7131738422104694 0.23 0.9534762929062475)
(0.7158324683084194 0.23 0.9465318588633184)
(0.7184990469583213 0.23 0.9400343905311913)
(0.7211735781601754 0.23 0.9339502453999134)
(0.7238560619139812 0.23 0.9282515754447346)
(0.7265464982197393 0.23 0.9229142657158563)
(0.7292448870774493 0.23 0.9179167859078067)
(0.7319512284871112 0.23 0.9132395045428556)
(0.7346655224487252 0.23 0.9088642565455838)
(0.7373877689622912 0.23 0.9047740583896206)
(0.7401179680278093 0.23 0.9009529135675475)
(0.7428561196452793 0.23 0.8973856756658553)
(0.7456022238147013 0.23 0.8940579494740112)
(0.7483562805360754 0.23 0.8909560179606479)
(0.7511182898094014 0.23 0.8880667872985343)
(0.7538882516346795 0.23 0.8853777447681364)
(0.7566661660119096 0.23 0.8828769260337586)
(0.7594520329410918 0.23 0.8805528893613421)
(0.7622458524222259 0.23 0.8783946950587608)
(0.7650476244553119 0.23 0.8763918889010565)
(0.7678573490403501 0.23 0.8745344886353921)
(0.7706750261773402 0.23 0.8728129728939288)
(0.7735006558662824 0.23 0.8712182720094347)
(0.7763342381071765 0.23 0.8697417603491228)
(0.7791757729000227 0.23 0.8683752498707946)
(0.7820252602448209 0.23 0.8671109846712131)
(0.784882700141571 0.23 0.8659416363461225)
(0.7877480925902732 0.23 0.8648603000189347)
(0.7906214375909275 0.23 0.8638604909239448)
(0.7935027351435338 0.23 0.8629361414522823)
(0.796391985248092 0.23 0.8620815985862259)
(0.7992891879046021 0.23 0.8612916216612492)
(0.8021943431130645 0.23 0.8605613804060349)
(0.8051074508734787 0.23 0.8598864532193926)
(0.808028511185845 0.23 0.8592628256499926)
(0.8109575240501632 0.23 0.8586868890504809)
(0.8138944894664335 0.23 0.8581554393821332)
(0.8168394074346558 0.23 0.857665676149967)
(0.8197922779548301 0.23 0.8572152014513184)
(0.8227531010269564 0.23 0.8568020191234504)
(0.8257218766510348 0.23 0.8564245339778785)
(0.8286986048270651 0.23 0.8560815511108644)
(0.8316832855550474 0.23 0.8557722752810216)
(0.8346759188349818 0.23 0.8554963103462174)
(0.8376765046668682 0.23 0.8552536587530045)
(0.8406850430507066 0.23 0.8550447210727191)
(0.843701533986497 0.23 0.854870295579136)
(0.8467259774742394 0.23 0.8547315778632151)
(0.8497583735139338 0.23 0.8546301604810371)
(0.8527987221055802 0.23 0.8545680326315005)
(0.8558470232491786 0.23 0.8545475798607569)
(0.8589032769447291 0.23 0.8545715837907282)
(0.8619674831922316 0.23 0.8546432218693439)
(0.865039641991686 0.23 0.854766067140419)
(0.8681197533430925 0.23 0.8549440880313095)
(0.871207817246451 0.23 0.8551816481566988)
(0.8743038337017615 0.23 0.8554835061370473)
(0.877407802709024 0.23 0.8558548154303737)
(0.8805197242682385 0.23 0.8563011241762082)
(0.883639598379405 0.23 0.8568283750506435)
(0.8867674250425236 0.23 0.8574429051315426)
(0.8899032042575942 0.23 0.8581514457730431)
(0.8930469360246167 0.23 0.8589611224885876)
(0.8961986203435912 0.23 0.859879454841782)
(0.8993582572145178 0.23 0.860914356344451)
(0.9025258466373964 0.23 0.8620741343613202)
(0.905701388612227 0.23 0.8633674900208019)
(0.9088848831390096 0.23 0.8648035181314214)
(0.9120763302177443 0.23 0.8663917071034424)
(0.9152757298484309 0.23 0.8681419388753154)
(0.9184830820310695 0.23 0.8700644888445783)
(0.9216983867656602 0.23 0.8721700258028923)
(0.9249216440522028 0.23 0.8744696118749127)
(0.9281528538906975 0.23 0.8769747024607202)
(0.9313920162811442 0.23 0.879697146181561)
(0.9346391312235429 0.23 0.8826491848286762)
(0.9378941987178935 0.23 0.8858434533149875)
(0.9411572187641963 0.23 0.889292979629474)
(0.9444281913624509 0.23 0.8930111847940332)
(0.9477071165126577 0.23 0.8970118828226826)
(0.9509939942148165 0.23 0.9013092806829338)
(0.9542888244689272 0.23 0.9059179782592117)
(0.9575916072749899 0.23 0.9108529683181789)
(0.9609023426330048 0.23 0.9161296364758489)
(0.9642210305429715 0.23 0.9217637611663788)
(0.9675476710048903 0.23 0.9277715136124302)
(0.9708822640187611 0.23 0.9341694577970172)
(0.974224809584584 0.23 0.9409745504367327)
(0.9775753077023588 0.23 0.9482041409562875)
(0.9809337583720856 0.23 0.955875971464276)
(0.9843001615937644 0.23 0.9640081767300993)
(0.9876745173673953 0.23 0.972619284161979)
(0.9910568256929781 0.23 0.9817282137859977)
(0.9944470865705131 0.23 0.9913542782261106)
(0.9978452999999998 0.23 1.0015171826850726)
(0.7 0.25 1.0)
(0.7025453351730984 0.25 0.989398883136694)
(0.7050979138460655 0.25 0.9814847269180159)
(0.7076577360189013 0.25 0.9743083207345408)
(0.7102248016916058 0.25 0.9676712158139404)
(0.7127991108641791 0.25 0.9614878560548252)
(0.7153806635366212 0.25 0.9557076856932814)
(0.717969459708932 0.25 0.9502952990019474)
(0.7205654993811116 0.25 0.9452231788245559)
(0.7231687825531599 0.25 0.9404684561458743)
(0.7257793092250769 0.25 0.9360112639511154)
(0.7283970793968627 0.25 0.9318338201458627)
(0.7310220930685172 0.25 0.9279198798967586)
(0.7336543502400404 0.25 0.9242543903178759)
(0.7362938509114324 0.25 0.9208232630009472)
(0.7389405950826932 0.25 0.9176132186732208)
(0.7415945827538226 0.25 0.9146116778558723)
(0.7442558139248209 0.25 0.9118066818945817)
(0.7469242885956878 0.25 0.9091868346463182)
(0.7496000067664236 0.25 0.9067412585789918)
(0.752282968437028 0.25 0.9044595611553137)
(0.7549731736075012 0.25 0.902331808701135)
(0.7576706222778431 0.25 0.9003485058170525)
(0.7603753144480537 0.25 0.8985005789604419)
(0.7630872501181332 0.25 0.8967793632096684)
(0.7658064292880813 0.25 0.8951765914876084)
(0.7685328519578982 0.25 0.8936843857080174)
(0.7712665181275837 0.25 0.8922952494413311)
(0.7740074277971382 0.25 0.8910020617928435)
(0.7767555809665613 0.25 0.8897980722569633)
(0.7795109776358531 0.25 0.8886768963638112)
(0.7822736178050137 0.25 0.8876325119739625)
(0.785043501474043 0.25 0.8866592561071497)
(0.7878206286429411 0.25 0.8857518222137892)
(0.7906049993117079 0.25 0.8849052578160217)
(0.7933966134803435 0.25 0.8841149624588835)
(0.7961954711488477 0.25 0.8833766859231859)
(0.7990015723172208 0.25 0.882686526660368)
(0.8018149169854626 0.25 0.8820409304165273)
(0.8046355051535731 0.25 0.881436689018411)
(0.8074633368215524 0.25 0.8808709392986577)
(0.8102984119894003 0.25 0.8803411621412537)
(0.8131407306571171 0.25 0.8798451816311652)
(0.8159902928247026 0.25 0.8793811642945798)
(0.8188470984921568 0.25 0.878947618418228)
(0.8217111476594797 0.25 0.8785433934379524)
(0.8245824403266715 0.25 0.8781676793881039)
(0.827460976493732 0.25 0.8778200064045266)
(0.830346756160661 0.25 0.8775002442748959)
(0.8332397793274591 0.25 0.8772086020310043)
(0.8361400459941257 0.25 0.8769456275783118)
(0.8390475561606611 0.25 0.8767122073586818)
(0.8419623098270652 0.25 0.8765095660427372)
(0.844884306993338 0.25 0.8763392662487189)
(0.8478135476594797 0.25 0.8762032082851109)
(0.8507500318254901 0.25 0.8761036299146159)
(0.8536937594913693 0.25 0.8760431061373638)
(0.8566447306571171 0.25 0.8760245489914628)
(0.8596029453227336 0.25 0.8760512073692351)
(0.8625684034882191 0.25 0.8761266668476497)
(0.8655411051535731 0.25 0.8762548495316356)
(0.8685210503187959 0.25 0.8764400139091034)
(0.8715082389838875 0.25 0.8766867547166173)
(0.8745026711488477 0.25 0.8770000028147797)
(0.8775043468136768 0.25 0.8773850250724854)
(0.8805132659783745 0.25 0.8778474242592816)
(0.8835294286429412 0.25 0.8783931389451535)
(0.8865528348073763 0.25 0.879028443407118)
(0.8895834844716803 0.25 0.8797599475420698)
(0.8926213776358531 0.25 0.8805945967853704)
(0.8956665142998946 0.25 0.8815396720347367)
(0.8987188944638048 0.25 0.8826027895789937)
(0.9017785181275838 0.25 0.8837919010313406)
(0.9048453852912315 0.25 0.8851152932667635)
(0.907919495954748 0.25 0.8865815883632999)
(0.9110008501181331 0.25 0.8881997435468598)
(0.9140894477813871 0.25 0.8899790511393493)
(0.9171852889445097 0.25 0.891929138509855)
(0.9202883736075012 0.25 0.8940599680286727)
(0.9233987017703613 0.25 0.8963818370239786)
(0.9265162734330903 0.25 0.8989053777409656)
(0.9296410885956878 0.25 0.901641557303264)
(0.9327731472581542 0.25 0.9046016776765067)
(0.9359124494204893 0.25 0.9077973756338827)
(0.9390589950826932 0.25 0.911240622723556)
(0.9422127842447658 0.25 0.9149437252378214)
(0.9453738169067072 0.25 0.9189193241838929)
(0.9485420930685172 0.25 0.9231803952562138)
(0.9517176127301961 0.25 0.927740248810194)
(0.9549003758917436 0.25 0.9326125298372901)
(0.9580903825531599 0.25 0.9378112179413371)
(0.961287632714445 0.25 0.9433506273160674)
(0.9644921263755988 0.25 0.9492454067237306)
(0.9677038635366213 0.25 0.955510539474761)
(0.9709228441975125 0.25 0.962161343408428)
(0.9741490683582725 0.25 0.9692134708744038)
(0.9773825360189012 0.25 0.976682908715209)
(0.9806232471793987 0.25 0.9845859782494771)
(0.9838712018397651 0.25 0.9929393352559878)
(0.9871264 0.25 1.0017599699584407)
(0.7 0.27 1.0)
(0.7024514759278344 0.27 0.9907207825111438)
(0.7049094662203658 0.27 0.984119430873004)
(0.707373970877594 0.27 0.9781888026111071)
(0.709844989899519 0.27 0.9727277214224318)
(0.7123225232861409 0.27 0.9676513950377031)
(0.7148065710374596 0.27 0.9629110635681581)
(0.7172971331534752 0.27 0.9584735224646675)
(0.7197942096341876 0.27 0.954313631783685)
(0.7222978004795969 0.27 0.9504109734460471)
(0.724807905689703 0.27 0.9467481531222528)
(0.7273245252645059 0.27 0.9433098541971257)
(0.7298476592040056 0.27 0.9400822728190776)
(0.7323773075082023 0.27 0.9370527616837816)
(0.7349134701770957 0.27 0.9342095953824244)
(0.7374561472106861 0.27 0.9315418101548955)
(0.7400053386089732 0.27 0.9290390910959208)
(0.7425610443719572 0.27 0.9266916906923127)
(0.7451232644996381 0.27 0.9244903686686139)
(0.7476919989920157 0.27 0.9224263467006675)
(0.7502672478490903 0.27 0.9204912737381058)
(0.7528490110708616 0.27 0.9186771990476243)
(0.7554372886573298 0.27 0.916976550974545)
(0.7580320806084948 0.27 0.915382120006478)
(0.7606333869243567 0.27 0.9138870451196356)
(0.7632412076049154 0.27 0.9124848026621044)
(0.7658555426501711 0.27 0.9111691972206746)
(0.7684763920601234 0.27 0.9099343540550757)
(0.7711037558347728 0.27 0.9087747127828693)
(0.7737376339741189 0.27 0.9076850220712359)
(0.7763780264781618 0.27 0.9066603351461228)
(0.7790249333469016 0.27 0.9056960059699966)
(0.7816783545803382 0.27 0.90478768597042)
(0.7843382901784717 0.27 0.9039313212254306)
(0.787004740141302 0.27 0.9031231500301008)
(0.7896777044688291 0.27 0.9023597007830207)
(0.7923571831610531 0.27 0.9016377901427531)
(0.7950431762179739 0.27 0.9009545214132685)
(0.7977356836395917 0.27 0.9003072831245318)
(0.8004347054259062 0.27 0.8996937477801639)
(0.8031402415769175 0.27 0.8991118707487492)
(0.8058522920926258 0.27 0.8985598892791541)
(0.8085708569730309 0.27 0.89803632162331)
(0.8112959362181327 0.27 0.897539966252467)
(0.8140275298279315 0.27 0.8970699011550236)
(0.8167656378024271 0.27 0.8966254832057918)
(0.8195102601416195 0.27 0.8962063475980078)
(0.8222613968455088 0.27 0.895812407330626)
(0.8250190479140949 0.27 0.8954438527444583)
(0.8277832133473778 0.27 0.8951011511015874)
(0.8305538931453577 0.27 0.8947850462032217)
(0.8333310873080343 0.27 0.894496558041782)
(0.8361147958354078 0.27 0.8942369824835438)
(0.838905018727478 0.27 0.8940078909786202)
(0.8417017559842452 0.27 0.8938111302954598)
(0.8445050076057092 0.27 0.893648822277372)
(0.8473147735918701 0.27 0.8935233636188876)
(0.8501310539427278 0.27 0.8934374256600162)
(0.8529538486582824 0.27 0.8933939541966772)
(0.8557831577385338 0.27 0.8933961693057796)
(0.8586189811834819 0.27 0.893447565183589)
(0.8614613189931271 0.27 0.8935519099961707)
(0.864310171167469 0.27 0.89371324574082)
(0.8671655377065077 0.27 0.893935888117514)
(0.8700274186102432 0.27 0.8942244264095103)
(0.8728958138786758 0.27 0.894583723372308)
(0.8757707235118051 0.27 0.89501891513027)
(0.8786521475096312 0.27 0.8955354110802676)
(0.881540085872154 0.27 0.8961388938017734)
(0.8844345385993739 0.27 0.896835318972883)
(0.8873355056912906 0.27 0.8976309152917962)
(0.8902429871479041 0.27 0.8985321844033249)
(0.8931569829692143 0.27 0.8995459008300479)
(0.8960774931552216 0.27 0.9006791119077504)
(0.8990045177059256 0.27 0.9019391377248324)
(0.9019380566213264 0.27 0.9033335710653888)
(0.9048781099014241 0.27 0.9048702773556947)
(0.9078246775462187 0.27 0.9065573946138479)
(0.91077775955571 0.27 0.9084033334023465)
(0.9137373559298984 0.27 0.9104167767833933)
(0.9167034666687834 0.27 0.9126066802767387)
(0.9196760917723654 0.27 0.914982271819888)
(0.9226552312406442 0.27 0.9175530517305113)
(0.9256408850736197 0.27 0.9203287926709136)
(0.9286330532712922 0.27 0.9233195396144216)
(0.9316317358336614 0.27 0.9265356098135679)
(0.9346369327607276 0.27 0.9299875927699572)
(0.9376486440524906 0.27 0.9336863502057)
(0.9406668697089504 0.27 0.9376430160363222)
(0.9436916097301071 0.27 0.9418689963450586)
(0.9467228641159606 0.27 0.946375969358438)
(0.9497606328665109 0.27 0.9511758854230887)
(0.9528049159817581 0.27 0.9562809669836883)
(0.9558557134617021 0.27 0.9617037085619862)
(0.958913025306343 0.27 0.9674568767368424)
(0.9619768515156807 0.27 0.9735535101252171)
(0.9650471920897152 0.27 0.9800069193640568)
(0.9681240470284467 0.27 0.9868306870930346)
(0.9712074163318749 0.27 0.9940386679380775)
(0.9742973 0.27 1.00164498849566)
(0.7 0.29000000000000004 1.0)
(0.7023376517541143 0.29000000000000004 0.9913158364783649)
(0.7046810611821811 0.29000000000000004 0.9858039995825238)
(0.7070302282842001 0.29000000000000004 0.980973261461779)
(0.7093851530601716 0.29000000000000004 0.976579496037307)
(0.7117458355100953 0.29000000000000004 0.9725232648724776)
(0.7141122756339713 0.29000000000000004 0.9687498324208074)
(0.7164844734317996 0.29000000000000004 0.9652236856310629)
(0.7188624289035802 0.29000000000000004 0.9619192129295032)
(0.7212461420493131 0.29000000000000004 0.9588165447142984)
(0.7236356128689984 0.29000000000000004 0.9558994403239698)
(0.726030841362636 0.29000000000000004 0.95315411084806)
(0.7284318275302258 0.29000000000000004 0.950568516136505)
(0.730838571371768 0.29000000000000004 0.9481319215455155)
(0.7332510728872625 0.29000000000000004 0.945834605951093)
(0.7356693320767094 0.29000000000000004 0.94366766234756)
(0.7380933489401085 0.29000000000000004 0.9416228574936764)
(0.7405231234774599 0.29000000000000004 0.9396925305453028)
(0.7429586556887636 0.29000000000000004 0.9378695182029487)
(0.7453999455740197 0.29000000000000004 0.9361470983600706)
(0.7478469931332281 0.29000000000000004 0.9345189469524664)
(0.7502997983663888 0.29000000000000004 0.9329791044149524)
(0.7527583612735018 0.29000000000000004 0.9315219492535317)
(0.7552226818545671 0.29000000000000004 0.9301421769708388)
(0.7576927601095848 0.29000000000000004 0.9288347830763135)
(0.7601685960385547 0.29000000000000004 0.927595049253216)
(0.762650189641477 0.29000000000000004 0.9264185319938605)
(0.7651375409183515 0.29000000000000004 0.9253010531852335)
(0.7676306498691785 0.29000000000000004 0.9242386922508561)
(0.7701295164939577 0.29000000000000004 0.9232277795455622)
(0.7726341407926891 0.29000000000000004 0.9222648907673542)
(0.7751445227653729 0.29000000000000004 0.9213468422012291)
(0.7776606624120092 0.29000000000000004 0.9204706866484151)
(0.7801825597325975 0.29000000000000004 0.9196337099240274)
(0.7827102147271383 0.29000000000000004 0.9188334278290426)
(0.7852436273956314 0.29000000000000004 0.9180675835203653)
(0.7877827977380768 0.29000000000000004 0.9173341452168313)
(0.7903277257544745 0.29000000000000004 0.9166313041901402)
(0.7928784114448245 0.29000000000000004 0.915957472998625)
(0.7954348548091269 0.29000000000000004 0.9153112839289144)
(0.7979970558473816 0.29000000000000004 0.914691587616346)
(0.8005650145595885 0.29000000000000004 0.9140974518196855)
(0.8031387309457477 0.29000000000000004 0.9135281603295725)
(0.8057182050058593 0.29000000000000004 0.9129832119932729)
(0.8083034367399232 0.29000000000000004 0.9124623198409408)
(0.8108944261479395 0.29000000000000004 0.9119654103007703)
(0.8134911732299079 0.29000000000000004 0.9114926224922228)
(0.8160936779858288 0.29000000000000004 0.9110443075880482)
(0.818701940415702 0.29000000000000004 0.9106210282370835)
(0.8213159605195274 0.29000000000000004 0.9102235580409002)
(0.8239357382973052 0.29000000000000004 0.9098528810782865)
(0.8265612737490353 0.29000000000000004 0.9095101914723239)
(0.8291925668747178 0.29000000000000004 0.9091968929954876)
(0.8318296176743525 0.29000000000000004 0.9089145987087665)
(0.8344724261479395 0.29000000000000004 0.9086651306312873)
(0.8371209922954788 0.29000000000000004 0.9084505194373506)
(0.8397753161169705 0.29000000000000004 0.9082730041781473)
(0.8424353976124144 0.29000000000000004 0.908135032025744)
(0.8451012367818107 0.29000000000000004 0.9080392580371955)
(0.8477728336251593 0.29000000000000004 0.9079885449368846)
(0.8504501881424602 0.29000000000000004 0.9079859629153962)
(0.8531333003337135 0.29000000000000004 0.9080347894434163)
(0.8558221701989189 0.29000000000000004 0.9081385090993055)
(0.8585167977380768 0.29000000000000004 0.9083008134091414)
(0.861217182951187 0.29000000000000004 0.9085256006981411)
(0.8639233258382495 0.29000000000000004 0.9088169759524937)
(0.8666352263992643 0.29000000000000004 0.9091792506907211)
(0.8693528846342313 0.29000000000000004 0.9096169428437806)
(0.8720763005431508 0.29000000000000004 0.9101347766431883)
(0.8748054741260225 0.29000000000000004 0.9107376825165235)
(0.8775404053828465 0.29000000000000004 0.9114307969897225)
(0.8802810943136229 0.29000000000000004 0.9122194625956318)
(0.8830275409183516 0.29000000000000004 0.9131092277883397)
(0.8857797451970325 0.29000000000000004 0.9141058468628411)
(0.8885377071496658 0.29000000000000004 0.9152152798796422)
(0.8913014267762515 0.29000000000000004 0.9164436925939313)
(0.8940709040767894 0.29000000000000004 0.9177974563889894)
(0.8968461390512796 0.29000000000000004 0.9192831482135276)
(0.8996271316997222 0.29000000000000004 0.9209075505226785)
(0.902413882022117 0.29000000000000004 0.9226776512223785)
(0.9052063900184641 0.29000000000000004 0.9246006436169116)
(0.9080046556887637 0.29000000000000004 0.9266839263593915)
(0.9108086790330154 0.29000000000000004 0.928935103404989)
(0.9136184600512196 0.29000000000000004 0.9313619839667193)
(0.9164339987433759 0.29000000000000004 0.933972582473617)
(0.9192552951094848 0.29000000000000004 0.9367751185311453)
(0.9220823491495458 0.29000000000000004 0.9397780168836989)
(0.9249151608635592 0.29000000000000004 0.9429899073790596)
(0.9277537302515249 0.29000000000000004 0.946419624934686)
(0.9305980573134428 0.29000000000000004 0.9500762095057248)
(0.9334481420493131 0.29000000000000004 0.9539689060546306)
(0.9363039844591358 0.29000000000000004 0.9581071645223064)
(0.9391655845429108 0.29000000000000004 0.9625006398006614)
(0.9420329423006379 0.29000000000000004 0.9671591917065131)
(0.9449060577323175 0.29000000000000004 0.972092884956744)
(0.9477849308379493 0.29000000000000004 0.9773119891446483)
(0.9506695616175336 0.29000000000000004 0.982826978717394)
(0.9535599500710701 0.29000000000000004 0.9886485329545404)
(0.9564560961985589 0.29000000000000004 0.9947875359475468)
(0.9593579999999999 0.29000000000000004 1.001255076580225)
(0.7 0.31000000000000005 1.0)
(0.7022039916111052 0.31000000000000005 0.9913548246512442)
(0.7044129540180261 0.31000000000000005 0.9867931601281622)
(0.7066268872207622 0.31000000000000005 0.9829847651094169)
(0.7088457912193137 0.31000000000000005 0.9796091598293251)
(0.7110696660136807 0.31000000000000005 0.9765395251028833)
(0.7132985116038632 0.31000000000000005 0.9737087766858342)
(0.7155323279898609 0.31000000000000005 0.9710754352886213)
(0.7177711151716741 0.31000000000000005 0.9686111414399813)
(0.7200148731493028 0.31000000000000005 0.9662950839929353)
(0.7222636019227469 0.31000000000000005 0.9641111698021858)
(0.7245173014920063 0.31000000000000005 0.9620464469253431)
(0.7267759718570812 0.31000000000000005 0.9600901629946499)
(0.7290396130179715 0.31000000000000005 0.9582331714955348)
(0.7313082249746772 0.31000000000000005 0.9564675406622111)
(0.7335818077271983 0.31000000000000005 0.9547862863872553)
(0.7358603612755348 0.31000000000000005 0.9531831842231048)
(0.7381438856196867 0.31000000000000005 0.9516526336045009)
(0.7404323807596541 0.31000000000000005 0.9501895575865754)
(0.7427258466954368 0.31000000000000005 0.9487893273639633)
(0.7450242834270351 0.31000000000000005 0.9474477044722657)
(0.7473276909544486 0.31000000000000005 0.946160795858089)
(0.7496360692776777 0.31000000000000005 0.9449250184800045)
(0.7519494183967221 0.31000000000000005 0.9437370710800109)
(0.754267738311582 0.31000000000000005 0.9425939114263306)
(0.7565910290222572 0.31000000000000005 0.9414927377846715)
(0.7589192905287478 0.31000000000000005 0.9404309736955698)
(0.7612525228310539 0.31000000000000005 0.9394062553641954)
(0.7635907259291754 0.31000000000000005 0.9384164211346865)
(0.7659338998231123 0.31000000000000005 0.9374595026427154)
(0.7682820445128647 0.31000000000000005 0.9365337173303879)
(0.7706351599984325 0.31000000000000005 0.9356374620755359)
(0.7729932462798156 0.31000000000000005 0.9347693077390912)
(0.7753563033570142 0.31000000000000005 0.9339279944738321)
(0.7777243312300282 0.31000000000000005 0.9331124276684627)
(0.7800973298988576 0.31000000000000005 0.9323216744249208)
(0.7824752993635024 0.31000000000000005 0.9315549604856582)
(0.7848582396239626 0.31000000000000005 0.9308116675425772)
(0.7872461506802382 0.31000000000000005 0.9300913308712301)
(0.7896390325323293 0.31000000000000005 0.9293936372434908)
(0.7920368851802357 0.31000000000000005 0.9287184230796506)
(0.7944397086239576 0.31000000000000005 0.9280656728072042)
(0.7968475028634949 0.31000000000000005 0.9274355173987543)
(0.7992602678988476 0.31000000000000005 0.9268282330657064)
(0.8016780037300157 0.31000000000000005 0.9262442400879323)
(0.8041007103569993 0.31000000000000005 0.9256841017624942)
(0.8065283877797983 0.31000000000000005 0.9251485234569534)
(0.8089610359984126 0.31000000000000005 0.9246383517548207)
(0.8113986550128424 0.31000000000000005 0.9241545736824183)
(0.8138412448230876 0.31000000000000005 0.9236983160078703)
(0.8162888054291482 0.31000000000000005 0.9232708446041649)
(0.8187413368310242 0.31000000000000005 0.9228735638692699)
(0.8211988390287156 0.31000000000000005 0.9225080161971817)
(0.8236613120222225 0.31000000000000005 0.9221758814945392)
(0.8261287558115448 0.31000000000000005 0.9218789767380994)
(0.8286011703966825 0.31000000000000005 0.921619255568928)
(0.8310785557776356 0.31000000000000005 0.9213988079196511)
(0.8335609119544041 0.31000000000000005 0.9212198596715325)
(0.8360482389269879 0.31000000000000005 0.9210847723385118)
(0.8385405366953873 0.31000000000000005 0.9209960427756582)
(0.841037805259602 0.31000000000000005 0.9209563029097678)
(0.8435400446196322 0.31000000000000005 0.9209683194900912)
(0.8460472547754778 0.31000000000000005 0.9210349938573748)
(0.8485594357271388 0.31000000000000005 0.9211593617296016)
(0.8510765874746151 0.31000000000000005 0.9213445930029805)
(0.853598710017907 0.31000000000000005 0.9215939915668737)
(0.8561258033570143 0.31000000000000005 0.9219109951314914)
(0.8586578674919368 0.31000000000000005 0.9222991750672928)
(0.8611949024226749 0.31000000000000005 0.9227622362551329)
(0.8637369081492283 0.31000000000000005 0.9233040169462939)
(0.8662838846715972 0.31000000000000005 0.9239284886316117)
(0.8688358319897815 0.31000000000000005 0.924639755918987)
(0.8713927501037813 0.31000000000000005 0.9254420564186345)
(0.8739546390135964 0.31000000000000005 0.9263397606354796)
(0.8765214987192269 0.31000000000000005 0.9273373718681664)
(0.879093329220673 0.31000000000000005 0.9284395261141879)
(0.8816701305179343 0.31000000000000005 0.9296509919806881)
(0.884251902611011 0.31000000000000005 0.9309766706005324)
(0.8868386454999033 0.31000000000000005 0.9324215955532645)
(0.8894303591846109 0.31000000000000005 0.9339909327906106)
(0.8920270436651339 0.31000000000000005 0.9356899805662148)
(0.8946286989414723 0.31000000000000005 0.9375241693693134)
(0.8972353250136262 0.31000000000000005 0.9394990618620847)
(0.8998469218815954 0.31000000000000005 0.941620352820426)
(0.9024634895453801 0.31000000000000005 0.9438938690779326)
(0.9050850280049803 0.31000000000000005 0.9463255694728674)
(0.9077115372603958 0.31000000000000005 0.9489215447979338)
(0.9103430173116267 0.31000000000000005 0.9516880177526655)
(0.912979468158673 0.31000000000000005 0.9546313428982748)
(0.9156208898015348 0.31000000000000005 0.9577580066148021)
(0.9182672822402119 0.31000000000000005 0.961074627060426)
(0.9209186454747045 0.31000000000000005 0.9645879541328035)
(0.9235749795050125 0.31000000000000005 0.9683048694323161)
(0.9262362843311359 0.31000000000000005 0.972232386227109)
(0.9289025599530747 0.31000000000000005 0.9763776494198178)
(0.931573806370829 0.31000000000000005 0.9807479355158832)
(0.9342500235843987 0.31000000000000005 0.9853506525933649)
(0.9369312115937837 0.31000000000000005 0.990193340274163)
(0.9396173703989842 0.31000000000000005 0.9952836696965758)
(0.9423085 0.31000000000000005 1.0006294434891108)
(0.7 0.33 1.0)
(0.7020504358985009 0.33 0.9909675768028527)
(0.7041050267436207 0.33 0.9872799518110528)
(0.7061637725353596 0.33 0.9844676880226979)
(0.7082266732737172 0.33 0.9821057874690278)
(0.7102937289586939 0.33 0.9800293705205874)
(0.7123649395902895 0.33 0.9781537045100859)
(0.714440305168504 0.33 0.9764283393214177)
(0.7165198256933374 0.33 0.9748203296673816)
(0.7186035011647897 0.33 0.9733067480285783)
(0.7206913315828609 0.33 0.9718708812214688)
(0.7227833169475512 0.33 0.9705001114714318)
(0.7248794572588603 0.33 0.9691846510379071)
(0.7269797525167883 0.33 0.9679167443621961)
(0.7290842027213352 0.33 0.9666901424952282)
(0.7311928078725012 0.33 0.9654997441772605)
(0.733305567970286 0.33 0.9643413432025386)
(0.7354224830146897 0.33 0.9632114459592855)
(0.7375435530057124 0.33 0.9621071366961664)
(0.739668777943354 0.33 0.9610259760898904)
(0.7417981578276145 0.33 0.9599659235746266)
(0.7439316926584939 0.33 0.9589252769644193)
(0.7460693824359923 0.33 0.9579026248834007)
(0.7482112271601096 0.33 0.9568968088318391)
(0.7503572268308458 0.33 0.9559068926046528)
(0.752507381448201 0.33 0.9549321373921988)
(0.7546616910121751 0.33 0.953971981323829)
(0.756820155522768 0.33 0.9530260225221112)
(0.75898277497998 0.33 0.9520940049582758)
(0.7611495493838109 0.33 0.9511758065628944)
(0.7633204787342606 0.33 0.9502714291672842)
(0.7654955630313293 0.33 0.9493809899424515)
(0.7676748022750169 0.33 0.9485047140717666)
(0.7698581964653235 0.33 0.9476429284467847)
(0.7720457456022489 0.33 0.9467960562168343)
(0.7742374496857933 0.33 0.9459646120551704)
(0.7764333087159567 0.33 0.9451491980298051)
(0.7786333226927389 0.33 0.9443504999872119)
(0.7808374916161401 0.33 0.9435692843731288)
(0.7830458154861603 0.33 0.942806395427573)
(0.7852582943027993 0.33 0.9420627527015963)
(0.7874749280660572 0.33 0.9413393488517982)
(0.7896957167759341 0.33 0.9406372476755378)
(0.7919206604324299 0.33 0.939957582355502)
(0.7941497590355446 0.33 0.939301553886986)
(0.7963830125852782 0.33 0.9386704296651756)
(0.7986204210816309 0.33 0.9380655422129666)
(0.8008619845246023 0.33 0.9374882880326075)
(0.8031077029141928 0.33 0.9369401265667456)
(0.8053575762504022 0.33 0.9364225792563989)
(0.8076116045332304 0.33 0.935937228685028)
(0.8098697877626777 0.33 0.9354857177992804)
(0.8121321259387437 0.33 0.9350697491981758)
(0.8143986190614289 0.33 0.9346910844835248)
(0.8166692671307328 0.33 0.934351543665259)
(0.8189440701466557 0.33 0.9340530046160963)
(0.8212230281091976 0.33 0.9337974025706365)
(0.8235061410183583 0.33 0.9335867296645362)
(0.825793408874138 0.33 0.933423034509915)
(0.8280848316765366 0.33 0.9333084218035698)
(0.8303804094255541 0.33 0.9332450519649487)
(0.8326801421211907 0.33 0.933235140801174)
(0.834984029763446 0.33 0.9332809591966755)
(0.8372920723523203 0.33 0.9333848328252682)
(0.8396042698878136 0.33 0.9335491418827151)
(0.8419206223699257 0.33 0.9337763208380266)
(0.8442411297986568 0.33 0.9340688582019133)
(0.8465657921740068 0.33 0.9344292963109688)
(0.8488946094959757 0.33 0.934860231126297)
(0.8512275817645636 0.33 0.9353643120454187)
(0.8535647089797704 0.33 0.9359442417264019)
(0.8559059911415962 0.33 0.9366027759232598)
(0.8582514282500407 0.33 0.9373427233317464)
(0.8606010203051044 0.33 0.9381669454447578)
(0.8629547673067869 0.33 0.9390783564166171)
(0.8653126692550883 0.33 0.940079922935587)
(0.8676747261500086 0.33 0.9411746641040055)
(0.8700409379915479 0.33 0.9423656513254981)
(0.8724113047797061 0.33 0.943656008198759)
(0.8747858265144832 0.33 0.9450489104174434)
(0.8771645031958792 0.33 0.9465475856757436)
(0.8795473348238942 0.33 0.9481553135792608)
(0.8819343213985281 0.33 0.9498754255608136)
(0.884325462919781 0.33 0.9517113048008536)
(0.8867207593876527 0.33 0.9536663861521834)
(0.8891202108021434 0.33 0.955744156068694)
(0.891523817163253 0.33 0.9579481525378682)
(0.8939315784709815 0.33 0.9602819650168021)
(0.8963434947253289 0.33 0.9627492343715283)
(0.8987595659262954 0.33 0.9653536528194334)
(0.9011797920738807 0.33 0.968098963874579)
(0.9036041731680848 0.33 0.9709889622957488)
(0.906032709208908 0.33 0.9740274940370592)
(0.9084654001963501 0.33 0.9772184562009772)
(0.9109022461304112 0.33 0.9805657969936081)
(0.913343247011091 0.33 0.984073515682117)
(0.9157884028383899 0.33 0.9877456625541614)
(0.9182377136123077 0.33 0.9915863388792225)
(0.9206911793328443 0.33 0.9955996968717236)
(0.9231488 0.33 0.99978993965584)
(0.7 0.35 1.0)
(0.701876827430019 0.35 0.9902788245996681)
(0.7037569681942841 0.35 0.9874299797079001)
(0.7056404222927954 0.35 0.9856155115348437)
(0.707527189725553 0.35 0.9842844377958577)
(0.7094172704925565 0.35 0.9832257115957063)
(0.7113106645938063 0.35 0.9823329546595512)
(0.7132073720293023 0.35 0.981544501289082)
(0.7151073927990445 0.35 0.9808214657609253)
(0.7170107269030327 0.35 0.9801379548998721)
(0.7189173743412671 0.35 0.9794760960596707)
(0.7208273351137477 0.35 0.9788232671653612)
(0.7227406092204745 0.35 0.9781704425577157)
(0.7246571966614473 0.35 0.9775111500045586)
(0.7265770974366664 0.35 0.9768407836488404)
(0.7285003115461317 0.35 0.9761561348116976)
(0.7304268389898431 0.35 0.9754550617360487)
(0.7323566797678006 0.35 0.9747362510665686)
(0.7342898338800044 0.35 0.9739990417198855)
(0.7362263013264542 0.35 0.9732432922875349)
(0.7381660821071503 0.35 0.972469279501442)
(0.7401091762220924 0.35 0.9716776193055953)
(0.7420555836712808 0.35 0.9708692046706581)
(0.7440053044547152 0.35 0.9700451560049811)
(0.7459583385723959 0.35 0.969206781177094)
(0.7479146860243228 0.35 0.9683555429663229)
(0.7498743468104958 0.35 0.9674930323211965)
(0.7518373209309149 0.35 0.9666209462071549)
(0.7538036083855802 0.35 0.9657410691161442)
(0.7557732091744916 0.35 0.9648552575243561)
(0.7577461232976492 0.35 0.9639654267431735)
(0.759722350755053 0.35 0.9630735397277692)
(0.761701891546703 0.35 0.9621815974984919)
(0.7636847456725991 0.35 0.9612916308997572)
(0.7656709131327414 0.35 0.9604056934750229)
(0.7676603939271298 0.35 0.9595258552784871)
(0.7696531880557643 0.35 0.958654197477251)
(0.7716492955186451 0.35 0.9577928076239332)
(0.773648716315772 0.35 0.9569437755006787)
(0.775651450447145 0.35 0.9561091894523537)
(0.7776574979127643 0.35 0.9552911331403365)
(0.7796668587126296 0.35 0.9544916826594041)
(0.7816795328467412 0.35 0.9537129039692724)
(0.7836955203150988 0.35 0.9529568505998145)
(0.7857148211177027 0.35 0.9522255615951326)
(0.7877374352545528 0.35 0.9515210596667864)
(0.7897633627256488 0.35 0.9508453495307427)
(0.7917926035309912 0.35 0.9502004164061909)
(0.7938251576705797 0.35 0.9495882246573727)
(0.7958610251444144 0.35 0.9490107165621229)
(0.7979002059524951 0.35 0.9484698111929595)
(0.7999427000948222 0.35 0.9479674033984059)
(0.8019885075713953 0.35 0.9475053628737816)
(0.8040376283822146 0.35 0.9470855333120405)
(0.80609006252728 0.35 0.946709731626389)
(0.8081458100065916 0.35 0.9463797472374033)
(0.8102048708201494 0.35 0.946097341418221)
(0.8122672449679533 0.35 0.9458642466921323)
(0.8143329324500034 0.35 0.94568216627753)
(0.8164019332662996 0.35 0.9455527735757489)
(0.818474247416842 0.35 0.9454777116978115)
(0.8205498749016306 0.35 0.9454585930265277)
(0.8226288157206653 0.35 0.9454969988107718)
(0.8247110698739462 0.35 0.9455944787890953)
(0.8267966373614732 0.35 0.9457525508401229)
(0.8288855181832464 0.35 0.9459727006574377)
(0.8309777123392658 0.35 0.9462563814468937)
(0.8330732198295313 0.35 0.9466050136444891)
(0.835172040654043 0.35 0.9470199846531236)
(0.8372741748128008 0.35 0.9475026485967124)
(0.8393796223058049 0.35 0.9480543260902824)
(0.841488383133055 0.35 0.9486763040247979)
(0.8436004572945512 0.35 0.9493698353655754)
(0.8457158447902937 0.35 0.9501361389632599)
(0.8478345456202824 0.35 0.9509763993764104)
(0.8499565597845172 0.35 0.9518917667048431)
(0.8520818872829982 0.35 0.9528833564329392)
(0.8542105281157253 0.35 0.9539522492822037)
(0.8563424822826985 0.35 0.9550994910724112)
(0.858477749783918 0.35 0.9563260925907413)
(0.8606163306193836 0.35 0.957633029468342)
(0.8627582247890953 0.35 0.959021242063818)
(0.8649034322930532 0.35 0.9604916353531725)
(0.8670519531312573 0.35 0.9620450788257697)
(0.8692037873037075 0.35 0.9636824063859223)
(0.8713589348104038 0.35 0.9654044162597365)
(0.8735173956513465 0.35 0.967211870906874)
(0.8756791698265352 0.35 0.9691054969369183)
(0.8778442573359699 0.35 0.9710859850300552)
(0.880012658179651 0.35 0.9731539898617976)
(0.8821843723575782 0.35 0.9753101300315068)
(0.8843593998697515 0.35 0.9775549879944786)
(0.8865377407161711 0.35 0.9798891099973766)
(0.8887193948968367 0.35 0.9823130060168175)
(0.8909043624117485 0.35 0.9848271497009206)
(0.8930926432609065 0.35 0.9874319783136457)
(0.8952842374443106 0.35 0.9901278926817643)
(0.897479144961961 0.35 0.9929152571443071)
(0.8996773658138574 0.35 0.9957943995043531)
(0.9018789 0.35 0.998765610983026)
(	1.1	0.15	1.0)
(	1.102693307	0.15	0.9577185059606415)
(	1.105397535	0.15	0.9356101437407506)
(	1.108112686	0.15	0.9172538207080304)
(	1.110838758	0.15	0.9010717961217765)
(	1.113575752	0.15	0.886441243479434)
(	1.116323667	0.15	0.8730337564800036)
(	1.119082505	0.15	0.860647026869576)
(	1.121852264	0.15	0.8491432702860925)
(	1.124632945	0.15	0.8384217487832696)
(	1.127424548	0.15	0.8284048122547655)
(	1.130227072	0.15	0.8190301219831015)
(	1.133040518	0.15	0.810246006720389)
(	1.135864886	0.15	0.8020085345748268)
(	1.138700176	0.15	0.7942795841632814)
(	1.141546388	0.15	0.787025527375615)
(	1.144403521	0.15	0.7802163022042801)
(	1.147271576	0.15	0.7738247431170063)
(	1.150150553	0.15	0.7678260865854175)
(	1.153040452	0.15	0.7621975988286402)
(	1.155941273	0.15	0.7569182907626647)
(	1.158853015	0.15	0.7519686964149099)
(	1.161775679	0.15	0.7473306983433502)
(	1.164709265	0.15	0.7429873884191048)
(	1.167653772	0.15	0.73892295559254)
(	1.170609202	0.15	0.7351225945132899)
(	1.173575553	0.15	0.731572430455211)
(	1.176552826	0.15	0.728259457125464)
(	1.17954102	0.15	0.7251714847540702)
(	1.182540137	0.15	0.7222970964601648)
(	1.185550175	0.15	0.7196256113370023)
(	1.188571135	0.15	0.7171470530329233)
(	1.191603017	0.15	0.7148521228601074)
(	1.19464582	0.15	0.7127321766582683)
(	1.197699546	0.15	0.7107792047916734)
(	1.200764193	0.15	0.7089858147759471)
(	1.203839762	0.15	0.7073452161240407)
(	1.206926252	0.15	0.7058512070744465)
(	1.210023665	0.15	0.7044981629235629)
(	1.213131999	0.15	0.7032810257314077)
(	1.216251255	0.15	0.702195295208129)
(	1.219381433	0.15	0.7012370206198745)
(	1.222522532	0.15	0.7004027935780348)
(	1.225674554	0.15	0.6996897415968096)
(	1.228837497	0.15	0.6990955223213452)
(	1.232011362	0.15	0.6986183183430571)
(	1.235196148	0.15	0.6982568325307426)
(	1.238391857	0.15	0.6980102838161112)
(	1.241598487	0.15	0.697878403380828)
(	1.244816039	0.15	0.6978614311992783)
(	1.248044512	0.15	0.6979601128973143)
(	1.251283908	0.15	0.6981756968923911)
(	1.254534225	0.15	0.6985099317848789)
(	1.257795464	0.15	0.6989650639741074)
(	1.261067625	0.15	0.699543835475923)
(	1.264350708	0.15	0.7002494819213199)
(	1.267644712	0.15	0.70108573071812)
(	1.270949638	0.15	0.702056799359749)
(	1.274265486	0.15	0.7031673938669777)
(	1.277592256	0.15	0.70442270735007)
(	1.280929947	0.15	0.7058284186801533)
(	1.284278561	0.15	0.7073906912598477)
(	1.287638096	0.15	0.7091161718842288)
(	1.291008553	0.15	0.7110119896841489)
(	1.294389931	0.15	0.713085755144747)
(	1.297782232	0.15	0.7153455591927177)
(	1.301185454	0.15	0.7177999723465331)
(	1.304599598	0.15	0.7204580439243979)
(	1.308024663	0.15	0.7233293013052108)
(	1.311460651	0.15	0.7264237492382605)
(	1.31490756	0.15	0.7297518691977887)
(	1.318365391	0.15	0.733324618778899)
(	1.321834144	0.15	0.7371534311316289)
(	1.325313818	0.15	0.7412502144302722)
(	1.328804415	0.15	0.7456273513753062)
(	1.332305933	0.15	0.7502976987255133)
(	1.335818373	0.15	0.755274586858079)
(	1.339341734	0.15	0.7605718193546614)
(	1.342876018	0.15	0.7662036726115714)
(	1.346421223	0.15	0.7721848954723726)
(	1.34997735	0.15	0.7785307088813517)
(	1.353544399	0.15	0.7852568055564144)
(	1.357122369	0.15	0.7923793496801058)
(	1.360711262	0.15	0.7999149766075329)
(	1.364311076	0.15	0.807880792590083)
(	1.367921812	0.15	0.8162943745138903)
(	1.371543469	0.15	0.825173769652122)
(	1.375176049	0.15	0.8345374954301772)
(	1.37881955	0.15	0.8444045392030042)
(	1.382473973	0.15	0.8547943580437765)
(	1.386139317	0.15	0.8657268785432134)
(	1.389815584	0.15	0.8772224966189207)
(	1.393502772	0.15	0.8893020773341268)
(	1.397200882	0.15	0.9019869547252619)
(	1.400909914	0.15	0.9152989316378625)
(	1.404629868	0.15	0.9292602795703077)
(	1.408360743	0.15	0.9438937385249389)
(	1.41210254	0.15	0.959222516866146)
(	1.415855259	0.15	0.9752702911850095)
(	1.4196189	0.15	0.9920612061701544)
(	1.1	0.17	1.0)
(	1.102709897	0.17	0.9696859795027636)
(	1.105429907	0.17	0.9519380500518585)
(	1.108160031	0.17	0.9367214444101741)
(	1.110900269	0.17	0.9230631967685997)
(	1.11365062	0.17	0.9105735107711234)
(	1.116411084	0.17	0.899042540232892)
(	1.119181663	0.17	0.8883376316064593)
(	1.121962355	0.17	0.8783657341092262)
(	1.12475316	0.17	0.8690566252371338)
(	1.127554079	0.17	0.8603543893146391)
(	1.130365112	0.17	0.8522126701164702)
(	1.133186258	0.17	0.8445918358415839)
(	1.136017518	0.17	0.8374571915545223)
(	1.138858891	0.17	0.8307778016600624)
(	1.141710378	0.17	0.8245256857554246)
(	1.144571979	0.17	0.8186752526100429)
(	1.147443693	0.17	0.8132028913705898)
(	1.150325521	0.17	0.808086669695424)
(	1.153217462	0.17	0.8033061064990132)
(	1.156119517	0.17	0.7988419979338376)
(	1.159031686	0.17	0.7946762821166178)
(	1.161953968	0.17	0.7907919325499504)
(	1.164886363	0.17	0.7871728731326775)
(	1.167828873	0.17	0.7838039096431851)
(	1.170781496	0.17	0.7806706739536337)
(	1.173744232	0.17	0.7777595781980426)
(	1.176717082	0.17	0.7750577768058952)
(	1.179700046	0.17	0.7725531348117827)
(	1.182693123	0.17	0.7702342012178159)
(	1.185696314	0.17	0.7680901864577098)
(	1.188709618	0.17	0.7661109432160498)
(	1.191733036	0.17	0.7642869500116881)
(	1.194766568	0.17	0.7626092970734613)
(	1.197810213	0.17	0.7610696741287435)
(	1.200863972	0.17	0.7596603597974341)
(	1.203927844	0.17	0.7583742123407059)
(	1.20700183	0.17	0.7572046615588276)
(	1.21008593	0.17	0.756145701668289)
(	1.213180143	0.17	0.7551918850173326)
(	1.21628447	0.17	0.7543383165223381)
(	1.21939891	0.17	0.7535806487265065)
(	1.222523464	0.17	0.7529150773978284)
(	1.225658131	0.17	0.752338337596097)
(	1.228802913	0.17	0.751847700149295)
(	1.231957807	0.17	0.7514409684884463)
(	1.235122816	0.17	0.7511164757973451)
(	1.238297937	0.17	0.7508730824397033)
(	1.241483173	0.17	0.7507101736314107)
(	1.244678522	0.17	0.7506276573299565)
(	1.247883984	0.17	0.7506259623167545)
(	1.251099561	0.17	0.7507060364512479)
(	1.254325251	0.17	0.7508693450783553)
(	1.257561054	0.17	0.7511178695731093)
(	1.260806971	0.17	0.7514541060083167)
(	1.264063001	0.17	0.7518810639327598)
(	1.267329146	0.17	0.752402265248936)
(	1.270605403	0.17	0.7530217431805976)
(	1.273891775	0.17	0.7537440413214643)
(	1.27718826	0.17	0.7545742127574403)
(	1.280494858	0.17	0.7555178192555115)
(	1.28381157	0.17	0.756580930513237)
(	1.287138396	0.17	0.7577701234633906)
(	1.290475335	0.17	0.7590924816288726)
(	1.293822388	0.17	0.7605555945235347)
(	1.297179555	0.17	0.7621675570949711)
(	1.300546835	0.17	0.7639369692057458)
(	1.303924228	0.17	0.7658729351498637)
(	1.307311736	0.17	0.7679850632016008)
(	1.310709356	0.17	0.7702834651940887)
(	1.314117091	0.17	0.7727787561252847)
(	1.317534939	0.17	0.7754820537891864)
(	1.3209629	0.17	0.7784049784303447)
(	1.324400976	0.17	0.7815596524198922)
(	1.327849164	0.17	0.784958699951482)
(	1.331307467	0.17	0.788615246755654)
(	1.334775883	0.17	0.7925429198312847)
(	1.338254412	0.17	0.7967558471928896)
(	1.341743055	0.17	0.8012686576326464)
(	1.345241812	0.17	0.8060964804961034)
(	1.348750682	0.17	0.8112549454706288)
(	1.352269666	0.17	0.8167601823857211)
(	1.355798764	0.17	0.8226288210243824)
(	1.359337975	0.17	0.8288779909448103)
(	1.362887299	0.17	0.835525321311735)
(	1.366446738	0.17	0.842588940736753)
(	1.370016289	0.17	0.8500874771271081)
(	1.373595955	0.17	0.8580400575423465)
(	1.377185734	0.17	0.8664663080583761)
(	1.380785627	0.17	0.8753863536384519)
(	1.384395633	0.17	0.8848208180106696)
(	1.388015753	0.17	0.8947908235515715)
(	1.391645986	0.17	0.9053179911754841)
(	1.395286333	0.17	0.9164244402292641)
(	1.398936793	0.17	0.928132788392117)
(	1.402597368	0.17	0.940466151580202)
(	1.406268055	0.17	0.9534481438557452)
(	1.409948857	0.17	0.9671028773404)
(	1.413639772	0.17	0.981454962132619)
(	1.4173408	0.17	0.996529506228808)
(	1.1	0.19	1.0)
(	1.102702157	0.19	0.9779036049886486)
(	1.105413681	0.19	0.9635836022014985)
(	1.108134572	0.19	0.9509923165275861)
(	1.11086483	0.19	0.9395358002635736)
(	1.113604454	0.19	0.9289712505431326)
(	1.116353446	0.19	0.9191643452271839)
(	1.119111805	0.19	0.9100274017009463)
(	1.12187953	0.19	0.9014967546597472)
(	1.124656623	0.19	0.8935226609425263)
(	1.127443082	0.19	0.8860641711806454)
(	1.130238908	0.19	0.8790862727462375)
(	1.133044101	0.19	0.872558183586103)
(	1.135858662	0.19	0.8664522764390141)
(	1.138682589	0.19	0.8607433701812572)
(	1.141515883	0.19	0.8554082458770389)
(	1.144358544	0.19	0.8504253061380426)
(	1.147210571	0.19	0.8457743291037726)
(	1.150071966	0.19	0.8414362867738158)
(	1.152942728	0.19	0.8373932082416314)
(	1.155822856	0.19	0.8336280749675511)
(	1.158712352	0.19	0.8301247393687582)
(	1.161611214	0.19	0.8268678606786461)
(	1.164519444	0.19	0.8238428537986362)
(	1.16743704	0.19	0.8210358480636805)
(	1.170364003	0.19	0.8184336536694525)
(	1.173300334	0.19	0.8160237340899337)
(	1.176246031	0.19	0.8137941832286015)
(	1.179201095	0.19	0.8117337063466435)
(	1.182165526	0.19	0.8098316040320107)
(	1.185139323	0.19	0.808077758636926)
(	1.188122488	0.19	0.806462622734599)
(	1.19111502	0.19	0.8049772092394387)
(	1.194116919	0.19	0.8036130829068237)
(	1.197128184	0.19	0.8023623529840495)
(	1.200148817	0.19	0.8012176668274529)
(	1.203178816	0.19	0.8001722043348541)
(	1.206218182	0.19	0.7992196730695299)
(	1.209266916	0.19	0.7983543039735498)
(	1.212325016	0.19	0.7975708475856762)
(	1.215392483	0.19	0.7968645706930889)
(	1.218469317	0.19	0.7962312533576177)
(	1.221555518	0.19	0.7956671862665261)
(	1.224651086	0.19	0.7951691683655747)
(	1.227756021	0.19	0.7947345047384509)
(	1.230870322	0.19	0.7943610047019302)
(	1.233993991	0.19	0.7940469800905354)
(	1.237127027	0.19	0.7937912437081512)
(	1.240269429	0.19	0.7935931079271507)
(	1.243421199	0.19	0.7934523834182144)
(	1.246582335	0.19	0.7933693779962417)
(	1.249752838	0.19	0.7933448955696416)
(	1.252932708	0.19	0.7933802351819069)
(	1.256121946	0.19	0.7934771901357532)
(	1.25932055	0.19	0.7936380471912959)
(	1.262528521	0.19	0.7938655858307497)
(	1.265745859	0.19	0.7941630775830342)
(	1.268972563	0.19	0.7945342854024217)
(	1.272208635	0.19	0.7949834630960371)
(	1.275454074	0.19	0.7955153547955928)
(	1.278708879	0.19	0.7961351944692544)
(	1.281973052	0.19	0.796848705469971)
(	1.285246591	0.19	0.797662100116997)
(	1.288529498	0.19	0.7985820793076688)
(	1.291821771	0.19	0.7996158321568091)
(	1.295123411	0.19	0.8007710356613895)
(	1.298434419	0.19	0.8020558543883265)
(	1.301754793	0.19	0.8034789401834826)
(	1.305084534	0.19	0.8050494319001485)
(	1.308423642	0.19	0.806776955145424)
(	1.311772117	0.19	0.808671622043088)
(	1.315129958	0.19	0.8107440310116543)
(	1.318497167	0.19	0.8130052665564539)
(	1.321873743	0.19	0.8154668990746623)
(	1.325259685	0.19	0.8181409846723109)
(	1.328654995	0.19	0.8210400649923875)
(	1.332059671	0.19	0.8241771670532189)
(	1.335473714	0.19	0.8275658030963918)
(	1.338897125	0.19	0.8312199704435367)
(	1.342329902	0.19	0.835154151361343)
(	1.345772046	0.19	0.8393833129342462)
(	1.349223557	0.19	0.8439229069442504)
(	1.352684435	0.19	0.84878886975741)
(	1.35615468	0.19	0.8539976222165194)
(	1.359634292	0.19	0.8595660695396122)
(	1.36312327	0.19	0.8655116012238674)
(	1.366621616	0.19	0.8718520909546067)
(	1.370129329	0.19	0.878605896519024)
(	1.373646408	0.19	0.8857918597243761)
(	1.377172855	0.19	0.8934293063203402)
(	1.380708668	0.19	0.9015380459252853)
(	1.384253848	0.19	0.9101383719562254)
(	1.387808396	0.19	0.9192510615622214)
(	1.39137231	0.19	0.9288973755610362)
(	1.394945591	0.19	0.9390990583788458)
(	1.398528239	0.19	0.9498783379928264)
(	1.402120254	0.19	0.9612579258764601)
(	1.405721636	0.19	0.9732610169473921)
(	1.409332384	0.19	0.9859112895177021)
(	1.4129525	0.19	0.9992329052464568)
(	1.1	0.21	1.0)
(	1.102671434	0.21	0.9834496080597811)
(	1.105351522	0.21	0.9718075686749418)
(	1.108040265	0.21	0.9613824489615855)
(	1.110737661	0.21	0.9518056241262549)
(	1.113443712	0.21	0.9429225525340346)
(	1.116158418	0.21	0.9346449337172373)
(	1.118881777	0.21	0.9269130319073072)
(	1.121613792	0.21	0.9196818935550083)
(	1.12435446	0.21	0.9129151968967282)
(	1.127103782	0.21	0.9065821275301342)
(	1.129861759	0.21	0.9006556377686122)
(	1.132628391	0.21	0.8951114071674252)
(	1.135403676	0.21	0.8899271871080607)
(	1.138187616	0.21	0.8850823690537667)
(	1.14098021	0.21	0.8805576897054892)
(	1.143781459	0.21	0.8763350234682514)
(	1.146591362	0.21	0.872397232564811)
(	1.149409919	0.21	0.8687280563554282)
(	1.15223713	0.21	0.8653120280136806)
(	1.155072996	0.21	0.8621344107220216)
(	1.157917516	0.21	0.8591811480731008)
(	1.16077069	0.21	0.856438824992372)
(	1.163632519	0.21	0.8538946365762996)
(	1.166503002	0.21	0.8515363629704318)
(	1.169382139	0.21	0.8493523489153197)
(	1.17226993	0.21	0.8473314869420595)
(	1.175166376	0.21	0.8454632034517602)
(	1.178071477	0.21	0.8437374470961434)
(	1.180985231	0.21	0.8421446790107652)
(	1.18390764	0.21	0.84067586455213)
(	1.186838703	0.21	0.8393224662649962)
(	1.18977842	0.21	0.8380764378631628)
(	1.192726792	0.21	0.8369302190507419)
(	1.195683818	0.21	0.8358767310447841)
(	1.198649498	0.21	0.8349093726865391)
(	1.201623833	0.21	0.8340220170494477)
(	1.204606822	0.21	0.8332090084684453)
(	1.207598465	0.21	0.8324651599283299)
(	1.210598763	0.21	0.8317857507595375)
(	1.213607715	0.21	0.831166524598219)
(	1.216625321	0.21	0.8306036875744871)
(	1.219651581	0.21	0.8300939066983926)
(	1.222686496	0.21	0.8296343084178797)
(	1.225730065	0.21	0.8292224773268385)
(	1.228782289	0.21	0.8288564550045904)
(	1.231843166	0.21	0.8285347389708247)
(	1.234912698	0.21	0.8282562817422517)
(	1.237990885	0.21	0.8280204899791281)
(	1.241077725	0.21	0.8278272237114035)
(	1.24417322	0.21	0.8276767956355978)
(	1.24727737	0.21	0.8275699704746621)
(	1.250390173	0.21	0.8275079643940617)
(	1.253511631	0.21	0.8274924444681621)
(	1.256641743	0.21	0.8275255281917206)
(	1.25978051	0.21	0.8276097830319108)
(	1.26292793	0.21	0.8277482260168381)
(	1.266084006	0.21	0.8279443233569864)
(	1.269248735	0.21	0.8282019900964244)
(	1.272422119	0.21	0.8285255897909618)
(	1.275604157	0.21	0.8289199342107567)
(	1.278794849	0.21	0.8293902830651367)
(	1.281994196	0.21	0.8299423437476441)
(	1.285202197	0.21	0.8305822710995127)
(	1.288418852	0.21	0.8313166671899753)
(	1.291644161	0.21	0.832152581111963)
(	1.294878125	0.21	0.8330975087918929)
(	1.298120744	0.21	0.834159392812383)
(	1.301372016	0.21	0.8353466222468267)
(	1.304631943	0.21	0.8366680325048802)
(	1.307900524	0.21	0.8381329051879892)
(	1.311177759	0.21	0.839750967954173)
(	1.314463649	0.21	0.8415323943913492)
(	1.317758193	0.21	0.8434878038985498)
(	1.321061391	0.21	0.845628261574434)
(	1.324373244	0.21	0.8479652781125607)
(	1.327693751	0.21	0.8505108097029237)
(	1.331022912	0.21	0.8532772579392981)
(	1.334360728	0.21	0.8562774697319852)
(	1.337707198	0.21	0.8595247372255758)
(	1.341062322	0.21	0.863032797721385)
(	1.3444261	0.21	0.8668158336042325)
(	1.347798533	0.21	0.8708884722732845)
(	1.35117962	0.21	0.8752657860766748)
(	1.354569362	0.21	0.8799632922496649)
(	1.357967757	0.21	0.8849969528561002)
(	1.361374808	0.21	0.8903831747329678)
(	1.364790512	0.21	0.8961388094378347)
(	1.368214871	0.21	0.902281153199007)
(	1.371647883	0.21	0.9088279468682262)
(	1.375089551	0.21	0.9157973758757515)
(	1.378539872	0.21	0.9232080701876811)
(	1.381998848	0.21	0.9310791042653822)
(	1.385466478	0.21	0.9394299970268947)
(	1.388942763	0.21	0.9482807118102013)
(	1.392427702	0.21	0.9576516563382507)
(	1.395921295	0.21	0.9675636826856315)
(	1.399423542	0.21	0.9780380872468095)
(	1.402934444	0.21	0.9890966107058279)
(	1.406454	0.21	1.0007614380073984)
(	1.1	0.23	1.0)
(	1.102618863	0.23	0.9870996007384252)
(	1.105245679	0.23	0.9775459244490438)
(	1.107880448	0.23	0.9688989833406955)
(	1.110523169	0.23	0.9609111875441001)
(	1.113173842	0.23	0.9534762929062475)
(	1.115832468	0.23	0.9465318588633184)
(	1.118499047	0.23	0.9400343905311913)
(	1.121173578	0.23	0.9339502453999134)
(	1.123856062	0.23	0.9282515754447346)
(	1.126546498	0.23	0.9229142657158563)
(	1.129244887	0.23	0.9179167859078067)
(	1.131951228	0.23	0.9132395045428556)
(	1.134665522	0.23	0.9088642565455838)
(	1.137387769	0.23	0.9047740583896206)
(	1.140117968	0.23	0.9009529135675475)
(	1.14285612	0.23	0.8973856756658553)
(	1.145602224	0.23	0.8940579494740112)
(	1.148356281	0.23	0.8909560179606479)
(	1.15111829	0.23	0.8880667872985343)
(	1.153888252	0.23	0.8853777447681364)
(	1.156666166	0.23	0.8828769260337586)
(	1.159452033	0.23	0.8805528893613421)
(	1.162245852	0.23	0.8783946950587608)
(	1.165047624	0.23	0.8763918889010565)
(	1.167857349	0.23	0.8745344886353921)
(	1.170675026	0.23	0.8728129728939288)
(	1.173500656	0.23	0.8712182720094347)
(	1.176334238	0.23	0.8697417603491228)
(	1.179175773	0.23	0.8683752498707946)
(	1.18202526	0.23	0.8671109846712131)
(	1.1848827	0.23	0.8659416363461225)
(	1.187748093	0.23	0.8648603000189347)
(	1.190621438	0.23	0.8638604909239448)
(	1.193502735	0.23	0.8629361414522823)
(	1.196391985	0.23	0.8620815985862259)
(	1.199289188	0.23	0.8612916216612492)
(	1.202194343	0.23	0.8605613804060349)
(	1.205107451	0.23	0.8598864532193926)
(	1.208028511	0.23	0.8592628256499926)
(	1.210957524	0.23	0.8586868890504809)
(	1.213894489	0.23	0.8581554393821332)
(	1.216839407	0.23	0.857665676149967)
(	1.219792278	0.23	0.8572152014513184)
(	1.222753101	0.23	0.8568020191234504)
(	1.225721877	0.23	0.8564245339778785)
(	1.228698605	0.23	0.8560815511108644)
(	1.231683286	0.23	0.8557722752810216)
(	1.234675919	0.23	0.8554963103462174)
(	1.237676505	0.23	0.8552536587530045)
(	1.240685043	0.23	0.8550447210727191)
(	1.243701534	0.23	0.854870295579136)
(	1.246725977	0.23	0.8547315778632151)
(	1.249758374	0.23	0.8546301604810371)
(	1.252798722	0.23	0.8545680326315005)
(	1.255847023	0.23	0.8545475798607569)
(	1.258903277	0.23	0.8545715837907282)
(	1.261967483	0.23	0.8546432218693439)
(	1.265039642	0.23	0.854766067140419)
(	1.268119753	0.23	0.8549440880313095)
(	1.271207817	0.23	0.8551816481566988)
(	1.274303834	0.23	0.8554835061370473)
(	1.277407803	0.23	0.8558548154303737)
(	1.280519724	0.23	0.8563011241762082)
(	1.283639598	0.23	0.8568283750506435)
(	1.286767425	0.23	0.8574429051315426)
(	1.289903204	0.23	0.8581514457730431)
(	1.293046936	0.23	0.8589611224885876)
(	1.29619862	0.23	0.859879454841782)
(	1.299358257	0.23	0.860914356344451)
(	1.302525847	0.23	0.8620741343613202)
(	1.305701389	0.23	0.8633674900208019)
(	1.308884883	0.23	0.8648035181314214)
(	1.31207633	0.23	0.8663917071034424)
(	1.31527573	0.23	0.8681419388753154)
(	1.318483082	0.23	0.8700644888445783)
(	1.321698387	0.23	0.8721700258028923)
(	1.324921644	0.23	0.8744696118749127)
(	1.328152854	0.23	0.8769747024607202)
(	1.331392016	0.23	0.879697146181561)
(	1.334639131	0.23	0.8826491848286762)
(	1.337894199	0.23	0.8858434533149875)
(	1.341157219	0.23	0.889292979629474)
(	1.344428191	0.23	0.8930111847940332)
(	1.347707117	0.23	0.8970118828226826)
(	1.350993994	0.23	0.9013092806829338)
(	1.354288824	0.23	0.9059179782592117)
(	1.357591607	0.23	0.9108529683181789)
(	1.360902343	0.23	0.9161296364758489)
(	1.364221031	0.23	0.9217637611663788)
(	1.367547671	0.23	0.9277715136124302)
(	1.370882264	0.23	0.9341694577970172)
(	1.37422481	0.23	0.9409745504367327)
(	1.377575308	0.23	0.9482041409562875)
(	1.380933758	0.23	0.955875971464276)
(	1.384300162	0.23	0.9640081767300993)
(	1.387674517	0.23	0.972619284161979)
(	1.391056826	0.23	0.9817282137859977)
(	1.394447087	0.23	0.9913542782261106)
(	1.3978453	0.23	1.0015171826850726)
(	1.1	0.25	1.0)
(	1.102545335	0.25	0.989398883136694)
(	1.105097914	0.25	0.9814847269180159)
(	1.107657736	0.25	0.9743083207345408)
(	1.110224802	0.25	0.9676712158139404)
(	1.112799111	0.25	0.9614878560548252)
(	1.115380664	0.25	0.9557076856932814)
(	1.11796946	0.25	0.9502952990019474)
(	1.120565499	0.25	0.9452231788245559)
(	1.123168783	0.25	0.9404684561458743)
(	1.125779309	0.25	0.9360112639511154)
(	1.128397079	0.25	0.9318338201458627)
(	1.131022093	0.25	0.9279198798967586)
(	1.13365435	0.25	0.9242543903178759)
(	1.136293851	0.25	0.9208232630009472)
(	1.138940595	0.25	0.9176132186732208)
(	1.141594583	0.25	0.9146116778558723)
(	1.144255814	0.25	0.9118066818945817)
(	1.146924289	0.25	0.9091868346463182)
(	1.149600007	0.25	0.9067412585789918)
(	1.152282968	0.25	0.9044595611553137)
(	1.154973174	0.25	0.902331808701135)
(	1.157670622	0.25	0.9003485058170525)
(	1.160375314	0.25	0.8985005789604419)
(	1.16308725	0.25	0.8967793632096684)
(	1.165806429	0.25	0.8951765914876084)
(	1.168532852	0.25	0.8936843857080174)
(	1.171266518	0.25	0.8922952494413311)
(	1.174007428	0.25	0.8910020617928435)
(	1.176755581	0.25	0.8897980722569633)
(	1.179510978	0.25	0.8886768963638112)
(	1.182273618	0.25	0.8876325119739625)
(	1.185043501	0.25	0.8866592561071497)
(	1.187820629	0.25	0.8857518222137892)
(	1.190604999	0.25	0.8849052578160217)
(	1.193396613	0.25	0.8841149624588835)
(	1.196195471	0.25	0.8833766859231859)
(	1.199001572	0.25	0.882686526660368)
(	1.201814917	0.25	0.8820409304165273)
(	1.204635505	0.25	0.881436689018411)
(	1.207463337	0.25	0.8808709392986577)
(	1.210298412	0.25	0.8803411621412537)
(	1.213140731	0.25	0.8798451816311652)
(	1.215990293	0.25	0.8793811642945798)
(	1.218847098	0.25	0.878947618418228)
(	1.221711148	0.25	0.8785433934379524)
(	1.22458244	0.25	0.8781676793881039)
(	1.227460976	0.25	0.8778200064045266)
(	1.230346756	0.25	0.8775002442748959)
(	1.233239779	0.25	0.8772086020310043)
(	1.236140046	0.25	0.8769456275783118)
(	1.239047556	0.25	0.8767122073586818)
(	1.24196231	0.25	0.8765095660427372)
(	1.244884307	0.25	0.8763392662487189)
(	1.247813548	0.25	0.8762032082851109)
(	1.250750032	0.25	0.8761036299146159)
(	1.253693759	0.25	0.8760431061373638)
(	1.256644731	0.25	0.8760245489914628)
(	1.259602945	0.25	0.8760512073692351)
(	1.262568403	0.25	0.8761266668476497)
(	1.265541105	0.25	0.8762548495316356)
(	1.26852105	0.25	0.8764400139091034)
(	1.271508239	0.25	0.8766867547166173)
(	1.274502671	0.25	0.8770000028147797)
(	1.277504347	0.25	0.8773850250724854)
(	1.280513266	0.25	0.8778474242592816)
(	1.283529429	0.25	0.8783931389451535)
(	1.286552835	0.25	0.879028443407118)
(	1.289583484	0.25	0.8797599475420698)
(	1.292621378	0.25	0.8805945967853704)
(	1.295666514	0.25	0.8815396720347367)
(	1.298718894	0.25	0.8826027895789937)
(	1.301778518	0.25	0.8837919010313406)
(	1.304845385	0.25	0.8851152932667635)
(	1.307919496	0.25	0.8865815883632999)
(	1.31100085	0.25	0.8881997435468598)
(	1.314089448	0.25	0.8899790511393493)
(	1.317185289	0.25	0.891929138509855)
(	1.320288374	0.25	0.8940599680286727)
(	1.323398702	0.25	0.8963818370239786)
(	1.326516273	0.25	0.8989053777409656)
(	1.329641089	0.25	0.901641557303264)
(	1.332773147	0.25	0.9046016776765067)
(	1.335912449	0.25	0.9077973756338827)
(	1.339058995	0.25	0.911240622723556)
(	1.342212784	0.25	0.9149437252378214)
(	1.345373817	0.25	0.9189193241838929)
(	1.348542093	0.25	0.9231803952562138)
(	1.351717613	0.25	0.927740248810194)
(	1.354900376	0.25	0.9326125298372901)
(	1.358090383	0.25	0.9378112179413371)
(	1.361287633	0.25	0.9433506273160674)
(	1.364492126	0.25	0.9492454067237306)
(	1.367703864	0.25	0.955510539474761)
(	1.370922844	0.25	0.962161343408428)
(	1.374149068	0.25	0.9692134708744038)
(	1.377382536	0.25	0.976682908715209)
(	1.380623247	0.25	0.9845859782494771)
(	1.383871202	0.25	0.9929393352559878)
(	1.3871264	0.25	1.0017599699584407)
(	1.1	0.27	1.0)
(	1.102451476	0.27	0.9907207825111438)
(	1.104909466	0.27	0.984119430873004)
(	1.107373971	0.27	0.9781888026111071)
(	1.10984499	0.27	0.9727277214224318)
(	1.112322523	0.27	0.9676513950377031)
(	1.114806571	0.27	0.9629110635681581)
(	1.117297133	0.27	0.9584735224646675)
(	1.11979421	0.27	0.954313631783685)
(	1.1222978	0.27	0.9504109734460471)
(	1.124807906	0.27	0.9467481531222528)
(	1.127324525	0.27	0.9433098541971257)
(	1.129847659	0.27	0.9400822728190776)
(	1.132377308	0.27	0.9370527616837816)
(	1.13491347	0.27	0.9342095953824244)
(	1.137456147	0.27	0.9315418101548955)
(	1.140005339	0.27	0.9290390910959208)
(	1.142561044	0.27	0.9266916906923127)
(	1.145123264	0.27	0.9244903686686139)
(	1.147691999	0.27	0.9224263467006675)
(	1.150267248	0.27	0.9204912737381058)
(	1.152849011	0.27	0.9186771990476243)
(	1.155437289	0.27	0.916976550974545)
(	1.158032081	0.27	0.915382120006478)
(	1.160633387	0.27	0.9138870451196356)
(	1.163241208	0.27	0.9124848026621044)
(	1.165855543	0.27	0.9111691972206746)
(	1.168476392	0.27	0.9099343540550757)
(	1.171103756	0.27	0.9087747127828693)
(	1.173737634	0.27	0.9076850220712359)
(	1.176378026	0.27	0.9066603351461228)
(	1.179024933	0.27	0.9056960059699966)
(	1.181678355	0.27	0.90478768597042)
(	1.18433829	0.27	0.9039313212254306)
(	1.18700474	0.27	0.9031231500301008)
(	1.189677704	0.27	0.9023597007830207)
(	1.192357183	0.27	0.9016377901427531)
(	1.195043176	0.27	0.9009545214132685)
(	1.197735684	0.27	0.9003072831245318)
(	1.200434705	0.27	0.8996937477801639)
(	1.203140242	0.27	0.8991118707487492)
(	1.205852292	0.27	0.8985598892791541)
(	1.208570857	0.27	0.89803632162331)
(	1.211295936	0.27	0.897539966252467)
(	1.21402753	0.27	0.8970699011550236)
(	1.216765638	0.27	0.8966254832057918)
(	1.21951026	0.27	0.8962063475980078)
(	1.222261397	0.27	0.895812407330626)
(	1.225019048	0.27	0.8954438527444583)
(	1.227783213	0.27	0.8951011511015874)
(	1.230553893	0.27	0.8947850462032217)
(	1.233331087	0.27	0.894496558041782)
(	1.236114796	0.27	0.8942369824835438)
(	1.238905019	0.27	0.8940078909786202)
(	1.241701756	0.27	0.8938111302954598)
(	1.244505008	0.27	0.893648822277372)
(	1.247314774	0.27	0.8935233636188876)
(	1.250131054	0.27	0.8934374256600162)
(	1.252953849	0.27	0.8933939541966772)
(	1.255783158	0.27	0.8933961693057796)
(	1.258618981	0.27	0.893447565183589)
(	1.261461319	0.27	0.8935519099961707)
(	1.264310171	0.27	0.89371324574082)
(	1.267165538	0.27	0.893935888117514)
(	1.270027419	0.27	0.8942244264095103)
(	1.272895814	0.27	0.894583723372308)
(	1.275770724	0.27	0.89501891513027)
(	1.278652148	0.27	0.8955354110802676)
(	1.281540086	0.27	0.8961388938017734)
(	1.284434539	0.27	0.896835318972883)
(	1.287335506	0.27	0.8976309152917962)
(	1.290242987	0.27	0.8985321844033249)
(	1.293156983	0.27	0.8995459008300479)
(	1.296077493	0.27	0.9006791119077504)
(	1.299004518	0.27	0.9019391377248324)
(	1.301938057	0.27	0.9033335710653888)
(	1.30487811	0.27	0.9048702773556947)
(	1.307824678	0.27	0.9065573946138479)
(	1.31077776	0.27	0.9084033334023465)
(	1.313737356	0.27	0.9104167767833933)
(	1.316703467	0.27	0.9126066802767387)
(	1.319676092	0.27	0.914982271819888)
(	1.322655231	0.27	0.9175530517305113)
(	1.325640885	0.27	0.9203287926709136)
(	1.328633053	0.27	0.9233195396144216)
(	1.331631736	0.27	0.9265356098135679)
(	1.334636933	0.27	0.9299875927699572)
(	1.337648644	0.27	0.9336863502057)
(	1.34066687	0.27	0.9376430160363222)
(	1.34369161	0.27	0.9418689963450586)
(	1.346722864	0.27	0.946375969358438)
(	1.349760633	0.27	0.9511758854230887)
(	1.352804916	0.27	0.9562809669836883)
(	1.355855713	0.27	0.9617037085619862)
(	1.358913025	0.27	0.9674568767368424)
(	1.361976852	0.27	0.9735535101252171)
(	1.365047192	0.27	0.9800069193640568)
(	1.368124047	0.27	0.9868306870930346)
(	1.371207416	0.27	0.9940386679380775)
(	1.3742973	0.27	1.00164498849566)
(	1.1	0.29	1.0)
(	1.102337652	0.29	0.9913158364783649)
(	1.104681061	0.29	0.9858039995825238)
(	1.107030228	0.29	0.980973261461779)
(	1.109385153	0.29	0.976579496037307)
(	1.111745836	0.29	0.9725232648724776)
(	1.114112276	0.29	0.9687498324208074)
(	1.116484473	0.29	0.9652236856310629)
(	1.118862429	0.29	0.9619192129295032)
(	1.121246142	0.29	0.9588165447142984)
(	1.123635613	0.29	0.9558994403239698)
(	1.126030841	0.29	0.95315411084806)
(	1.128431828	0.29	0.950568516136505)
(	1.130838571	0.29	0.9481319215455155)
(	1.133251073	0.29	0.945834605951093)
(	1.135669332	0.29	0.94366766234756)
(	1.138093349	0.29	0.9416228574936764)
(	1.140523123	0.29	0.9396925305453028)
(	1.142958656	0.29	0.9378695182029487)
(	1.145399946	0.29	0.9361470983600706)
(	1.147846993	0.29	0.9345189469524664)
(	1.150299798	0.29	0.9329791044149524)
(	1.152758361	0.29	0.9315219492535317)
(	1.155222682	0.29	0.9301421769708388)
(	1.15769276	0.29	0.9288347830763135)
(	1.160168596	0.29	0.927595049253216)
(	1.16265019	0.29	0.9264185319938605)
(	1.165137541	0.29	0.9253010531852335)
(	1.16763065	0.29	0.9242386922508561)
(	1.170129516	0.29	0.9232277795455622)
(	1.172634141	0.29	0.9222648907673542)
(	1.175144523	0.29	0.9213468422012291)
(	1.177660662	0.29	0.9204706866484151)
(	1.18018256	0.29	0.9196337099240274)
(	1.182710215	0.29	0.9188334278290426)
(	1.185243627	0.29	0.9180675835203653)
(	1.187782798	0.29	0.9173341452168313)
(	1.190327726	0.29	0.9166313041901402)
(	1.192878411	0.29	0.915957472998625)
(	1.195434855	0.29	0.9153112839289144)
(	1.197997056	0.29	0.914691587616346)
(	1.200565015	0.29	0.9140974518196855)
(	1.203138731	0.29	0.9135281603295725)
(	1.205718205	0.29	0.9129832119932729)
(	1.208303437	0.29	0.9124623198409408)
(	1.210894426	0.29	0.9119654103007703)
(	1.213491173	0.29	0.9114926224922228)
(	1.216093678	0.29	0.9110443075880482)
(	1.21870194	0.29	0.9106210282370835)
(	1.221315961	0.29	0.9102235580409002)
(	1.223935738	0.29	0.9098528810782865)
(	1.226561274	0.29	0.9095101914723239)
(	1.229192567	0.29	0.9091968929954876)
(	1.231829618	0.29	0.9089145987087665)
(	1.234472426	0.29	0.9086651306312873)
(	1.237120992	0.29	0.9084505194373506)
(	1.239775316	0.29	0.9082730041781473)
(	1.242435398	0.29	0.908135032025744)
(	1.245101237	0.29	0.9080392580371955)
(	1.247772834	0.29	0.9079885449368846)
(	1.250450188	0.29	0.9079859629153962)
(	1.2531333	0.29	0.9080347894434163)
(	1.25582217	0.29	0.9081385090993055)
(	1.258516798	0.29	0.9083008134091414)
(	1.261217183	0.29	0.9085256006981411)
(	1.263923326	0.29	0.9088169759524937)
(	1.266635226	0.29	0.9091792506907211)
(	1.269352885	0.29	0.9096169428437806)
(	1.272076301	0.29	0.9101347766431883)
(	1.274805474	0.29	0.9107376825165235)
(	1.277540405	0.29	0.9114307969897225)
(	1.280281094	0.29	0.9122194625956318)
(	1.283027541	0.29	0.9131092277883397)
(	1.285779745	0.29	0.9141058468628411)
(	1.288537707	0.29	0.9152152798796422)
(	1.291301427	0.29	0.9164436925939313)
(	1.294070904	0.29	0.9177974563889894)
(	1.296846139	0.29	0.9192831482135276)
(	1.299627132	0.29	0.9209075505226785)
(	1.302413882	0.29	0.9226776512223785)
(	1.30520639	0.29	0.9246006436169116)
(	1.308004656	0.29	0.9266839263593915)
(	1.310808679	0.29	0.928935103404989)
(	1.31361846	0.29	0.9313619839667193)
(	1.316433999	0.29	0.933972582473617)
(	1.319255295	0.29	0.9367751185311453)
(	1.322082349	0.29	0.9397780168836989)
(	1.324915161	0.29	0.9429899073790596)
(	1.32775373	0.29	0.946419624934686)
(	1.330598057	0.29	0.9500762095057248)
(	1.333448142	0.29	0.9539689060546306)
(	1.336303984	0.29	0.9581071645223064)
(	1.339165585	0.29	0.9625006398006614)
(	1.342032942	0.29	0.9671591917065131)
(	1.344906058	0.29	0.972092884956744)
(	1.347784931	0.29	0.9773119891446483)
(	1.350669562	0.29	0.982826978717394)
(	1.35355995	0.29	0.9886485329545404)
(	1.356456096	0.29	0.9947875359475468)
(	1.359358	0.29	1.001255076580225)
(	1.1	0.31	1.0)
(	1.102203992	0.31	0.9913548246512442)
(	1.104412954	0.31	0.9867931601281622)
(	1.106626887	0.31	0.9829847651094169)
(	1.108845791	0.31	0.9796091598293251)
(	1.111069666	0.31	0.9765395251028833)
(	1.113298512	0.31	0.9737087766858342)
(	1.115532328	0.31	0.9710754352886213)
(	1.117771115	0.31	0.9686111414399813)
(	1.120014873	0.31	0.9662950839929353)
(	1.122263602	0.31	0.9641111698021858)
(	1.124517301	0.31	0.9620464469253431)
(	1.126775972	0.31	0.9600901629946499)
(	1.129039613	0.31	0.9582331714955348)
(	1.131308225	0.31	0.9564675406622111)
(	1.133581808	0.31	0.9547862863872553)
(	1.135860361	0.31	0.9531831842231048)
(	1.138143886	0.31	0.9516526336045009)
(	1.140432381	0.31	0.9501895575865754)
(	1.142725847	0.31	0.9487893273639633)
(	1.145024283	0.31	0.9474477044722657)
(	1.147327691	0.31	0.946160795858089)
(	1.149636069	0.31	0.9449250184800045)
(	1.151949418	0.31	0.9437370710800109)
(	1.154267738	0.31	0.9425939114263306)
(	1.156591029	0.31	0.9414927377846715)
(	1.158919291	0.31	0.9404309736955698)
(	1.161252523	0.31	0.9394062553641954)
(	1.163590726	0.31	0.9384164211346865)
(	1.1659339	0.31	0.9374595026427154)
(	1.168282045	0.31	0.9365337173303879)
(	1.17063516	0.31	0.9356374620755359)
(	1.172993246	0.31	0.9347693077390912)
(	1.175356303	0.31	0.9339279944738321)
(	1.177724331	0.31	0.9331124276684627)
(	1.18009733	0.31	0.9323216744249208)
(	1.182475299	0.31	0.9315549604856582)
(	1.18485824	0.31	0.9308116675425772)
(	1.187246151	0.31	0.9300913308712301)
(	1.189639033	0.31	0.9293936372434908)
(	1.192036885	0.31	0.9287184230796506)
(	1.194439709	0.31	0.9280656728072042)
(	1.196847503	0.31	0.9274355173987543)
(	1.199260268	0.31	0.9268282330657064)
(	1.201678004	0.31	0.9262442400879323)
(	1.20410071	0.31	0.9256841017624942)
(	1.206528388	0.31	0.9251485234569534)
(	1.208961036	0.31	0.9246383517548207)
(	1.211398655	0.31	0.9241545736824183)
(	1.213841245	0.31	0.9236983160078703)
(	1.216288805	0.31	0.9232708446041649)
(	1.218741337	0.31	0.9228735638692699)
(	1.221198839	0.31	0.9225080161971817)
(	1.223661312	0.31	0.9221758814945392)
(	1.226128756	0.31	0.9218789767380994)
(	1.22860117	0.31	0.921619255568928)
(	1.231078556	0.31	0.9213988079196511)
(	1.233560912	0.31	0.9212198596715325)
(	1.236048239	0.31	0.9210847723385118)
(	1.238540537	0.31	0.9209960427756582)
(	1.241037805	0.31	0.9209563029097678)
(	1.243540045	0.31	0.9209683194900912)
(	1.246047255	0.31	0.9210349938573748)
(	1.248559436	0.31	0.9211593617296016)
(	1.251076587	0.31	0.9213445930029805)
(	1.25359871	0.31	0.9215939915668737)
(	1.256125803	0.31	0.9219109951314914)
(	1.258657867	0.31	0.9222991750672928)
(	1.261194902	0.31	0.9227622362551329)
(	1.263736908	0.31	0.9233040169462939)
(	1.266283885	0.31	0.9239284886316117)
(	1.268835832	0.31	0.924639755918987)
(	1.27139275	0.31	0.9254420564186345)
(	1.273954639	0.31	0.9263397606354796)
(	1.276521499	0.31	0.9273373718681664)
(	1.279093329	0.31	0.9284395261141879)
(	1.281670131	0.31	0.9296509919806881)
(	1.284251903	0.31	0.9309766706005324)
(	1.286838645	0.31	0.9324215955532645)
(	1.289430359	0.31	0.9339909327906106)
(	1.292027044	0.31	0.9356899805662148)
(	1.294628699	0.31	0.9375241693693134)
(	1.297235325	0.31	0.9394990618620847)
(	1.299846922	0.31	0.941620352820426)
(	1.30246349	0.31	0.9438938690779326)
(	1.305085028	0.31	0.9463255694728674)
(	1.307711537	0.31	0.9489215447979338)
(	1.310343017	0.31	0.9516880177526655)
(	1.312979468	0.31	0.9546313428982748)
(	1.31562089	0.31	0.9577580066148021)
(	1.318267282	0.31	0.961074627060426)
(	1.320918645	0.31	0.9645879541328035)
(	1.32357498	0.31	0.9683048694323161)
(	1.326236284	0.31	0.972232386227109)
(	1.32890256	0.31	0.9763776494198178)
(	1.331573806	0.31	0.9807479355158832)
(	1.334250024	0.31	0.9853506525933649)
(	1.336931212	0.31	0.990193340274163)
(	1.33961737	0.31	0.9952836696965758)
(	1.3423085	0.31	1.0006294434891108)
(	1.1	0.33	1.0)
(	1.102050436	0.33	0.9909675768028527)
(	1.104105027	0.33	0.9872799518110528)
(	1.106163773	0.33	0.9844676880226979)
(	1.108226673	0.33	0.9821057874690278)
(	1.110293729	0.33	0.9800293705205874)
(	1.11236494	0.33	0.9781537045100859)
(	1.114440305	0.33	0.9764283393214177)
(	1.116519826	0.33	0.9748203296673816)
(	1.118603501	0.33	0.9733067480285783)
(	1.120691332	0.33	0.9718708812214688)
(	1.122783317	0.33	0.9705001114714318)
(	1.124879457	0.33	0.9691846510379071)
(	1.126979753	0.33	0.9679167443621961)
(	1.129084203	0.33	0.9666901424952282)
(	1.131192808	0.33	0.9654997441772605)
(	1.133305568	0.33	0.9643413432025386)
(	1.135422483	0.33	0.9632114459592855)
(	1.137543553	0.33	0.9621071366961664)
(	1.139668778	0.33	0.9610259760898904)
(	1.141798158	0.33	0.9599659235746266)
(	1.143931693	0.33	0.9589252769644193)
(	1.146069382	0.33	0.9579026248834007)
(	1.148211227	0.33	0.9568968088318391)
(	1.150357227	0.33	0.9559068926046528)
(	1.152507381	0.33	0.9549321373921988)
(	1.154661691	0.33	0.953971981323829)
(	1.156820156	0.33	0.9530260225221112)
(	1.158982775	0.33	0.9520940049582758)
(	1.161149549	0.33	0.9511758065628944)
(	1.163320479	0.33	0.9502714291672842)
(	1.165495563	0.33	0.9493809899424515)
(	1.167674802	0.33	0.9485047140717666)
(	1.169858196	0.33	0.9476429284467847)
(	1.172045746	0.33	0.9467960562168343)
(	1.17423745	0.33	0.9459646120551704)
(	1.176433309	0.33	0.9451491980298051)
(	1.178633323	0.33	0.9443504999872119)
(	1.180837492	0.33	0.9435692843731288)
(	1.183045815	0.33	0.942806395427573)
(	1.185258294	0.33	0.9420627527015963)
(	1.187474928	0.33	0.9413393488517982)
(	1.189695717	0.33	0.9406372476755378)
(	1.19192066	0.33	0.939957582355502)
(	1.194149759	0.33	0.939301553886986)
(	1.196383013	0.33	0.9386704296651756)
(	1.198620421	0.33	0.9380655422129666)
(	1.200861985	0.33	0.9374882880326075)
(	1.203107703	0.33	0.9369401265667456)
(	1.205357576	0.33	0.9364225792563989)
(	1.207611605	0.33	0.935937228685028)
(	1.209869788	0.33	0.9354857177992804)
(	1.212132126	0.33	0.9350697491981758)
(	1.214398619	0.33	0.9346910844835248)
(	1.216669267	0.33	0.934351543665259)
(	1.21894407	0.33	0.9340530046160963)
(	1.221223028	0.33	0.9337974025706365)
(	1.223506141	0.33	0.9335867296645362)
(	1.225793409	0.33	0.933423034509915)
(	1.228084832	0.33	0.9333084218035698)
(	1.230380409	0.33	0.9332450519649487)
(	1.232680142	0.33	0.933235140801174)
(	1.23498403	0.33	0.9332809591966755)
(	1.237292072	0.33	0.9333848328252682)
(	1.23960427	0.33	0.9335491418827151)
(	1.241920622	0.33	0.9337763208380266)
(	1.24424113	0.33	0.9340688582019133)
(	1.246565792	0.33	0.9344292963109688)
(	1.248894609	0.33	0.934860231126297)
(	1.251227582	0.33	0.9353643120454187)
(	1.253564709	0.33	0.9359442417264019)
(	1.255905991	0.33	0.9366027759232598)
(	1.258251428	0.33	0.9373427233317464)
(	1.26060102	0.33	0.9381669454447578)
(	1.262954767	0.33	0.9390783564166171)
(	1.265312669	0.33	0.940079922935587)
(	1.267674726	0.33	0.9411746641040055)
(	1.270040938	0.33	0.9423656513254981)
(	1.272411305	0.33	0.943656008198759)
(	1.274785827	0.33	0.9450489104174434)
(	1.277164503	0.33	0.9465475856757436)
(	1.279547335	0.33	0.9481553135792608)
(	1.281934321	0.33	0.9498754255608136)
(	1.284325463	0.33	0.9517113048008536)
(	1.286720759	0.33	0.9536663861521834)
(	1.289120211	0.33	0.955744156068694)
(	1.291523817	0.33	0.9579481525378682)
(	1.293931578	0.33	0.9602819650168021)
(	1.296343495	0.33	0.9627492343715283)
(	1.298759566	0.33	0.9653536528194334)
(	1.301179792	0.33	0.968098963874579)
(	1.303604173	0.33	0.9709889622957488)
(	1.306032709	0.33	0.9740274940370592)
(	1.3084654	0.33	0.9772184562009772)
(	1.310902246	0.33	0.9805657969936081)
(	1.313343247	0.33	0.984073515682117)
(	1.315788403	0.33	0.9877456625541614)
(	1.318237714	0.33	0.9915863388792225)
(	1.320691179	0.33	0.9955996968717236)
(	1.3231488	0.33	0.99978993965584)
(	1.1	0.35	1.0)
(	1.101876827	0.35	0.9902788245996681)
(	1.103756968	0.35	0.9874299797079001)
(	1.105640422	0.35	0.9856155115348437)
(	1.10752719	0.35	0.9842844377958577)
(	1.10941727	0.35	0.9832257115957063)
(	1.111310665	0.35	0.9823329546595512)
(	1.113207372	0.35	0.981544501289082)
(	1.115107393	0.35	0.9808214657609253)
(	1.117010727	0.35	0.9801379548998721)
(	1.118917374	0.35	0.9794760960596707)
(	1.120827335	0.35	0.9788232671653612)
(	1.122740609	0.35	0.9781704425577157)
(	1.124657197	0.35	0.9775111500045586)
(	1.126577097	0.35	0.9768407836488404)
(	1.128500312	0.35	0.9761561348116976)
(	1.130426839	0.35	0.9754550617360487)
(	1.13235668	0.35	0.9747362510665686)
(	1.134289834	0.35	0.9739990417198855)
(	1.136226301	0.35	0.9732432922875349)
(	1.138166082	0.35	0.972469279501442)
(	1.140109176	0.35	0.9716776193055953)
(	1.142055584	0.35	0.9708692046706581)
(	1.144005304	0.35	0.9700451560049811)
(	1.145958339	0.35	0.969206781177094)
(	1.147914686	0.35	0.9683555429663229)
(	1.149874347	0.35	0.9674930323211965)
(	1.151837321	0.35	0.9666209462071549)
(	1.153803608	0.35	0.9657410691161442)
(	1.155773209	0.35	0.9648552575243561)
(	1.157746123	0.35	0.9639654267431735)
(	1.159722351	0.35	0.9630735397277692)
(	1.161701892	0.35	0.9621815974984919)
(	1.163684746	0.35	0.9612916308997572)
(	1.165670913	0.35	0.9604056934750229)
(	1.167660394	0.35	0.9595258552784871)
(	1.169653188	0.35	0.958654197477251)
(	1.171649296	0.35	0.9577928076239332)
(	1.173648716	0.35	0.9569437755006787)
(	1.17565145	0.35	0.9561091894523537)
(	1.177657498	0.35	0.9552911331403365)
(	1.179666859	0.35	0.9544916826594041)
(	1.181679533	0.35	0.9537129039692724)
(	1.18369552	0.35	0.9529568505998145)
(	1.185714821	0.35	0.9522255615951326)
(	1.187737435	0.35	0.9515210596667864)
(	1.189763363	0.35	0.9508453495307427)
(	1.191792604	0.35	0.9502004164061909)
(	1.193825158	0.35	0.9495882246573727)
(	1.195861025	0.35	0.9490107165621229)
(	1.197900206	0.35	0.9484698111929595)
(	1.1999427	0.35	0.9479674033984059)
(	1.201988508	0.35	0.9475053628737816)
(	1.204037628	0.35	0.9470855333120405)
(	1.206090063	0.35	0.946709731626389)
(	1.20814581	0.35	0.9463797472374033)
(	1.210204871	0.35	0.946097341418221)
(	1.212267245	0.35	0.9458642466921323)
(	1.214332932	0.35	0.94568216627753)
(	1.216401933	0.35	0.9455527735757489)
(	1.218474247	0.35	0.9454777116978115)
(	1.220549875	0.35	0.9454585930265277)
(	1.222628816	0.35	0.9454969988107718)
(	1.22471107	0.35	0.9455944787890953)
(	1.226796637	0.35	0.9457525508401229)
(	1.228885518	0.35	0.9459727006574377)
(	1.230977712	0.35	0.9462563814468937)
(	1.23307322	0.35	0.9466050136444891)
(	1.235172041	0.35	0.9470199846531236)
(	1.237274175	0.35	0.9475026485967124)
(	1.239379622	0.35	0.9480543260902824)
(	1.241488383	0.35	0.9486763040247979)
(	1.243600457	0.35	0.9493698353655754)
(	1.245715845	0.35	0.9501361389632599)
(	1.247834546	0.35	0.9509763993764104)
(	1.24995656	0.35	0.9518917667048431)
(	1.252081887	0.35	0.9528833564329392)
(	1.254210528	0.35	0.9539522492822037)
(	1.256342482	0.35	0.9550994910724112)
(	1.25847775	0.35	0.9563260925907413)
(	1.260616331	0.35	0.957633029468342)
(	1.262758225	0.35	0.959021242063818)
(	1.264903432	0.35	0.9604916353531725)
(	1.267051953	0.35	0.9620450788257697)
(	1.269203787	0.35	0.9636824063859223)
(	1.271358935	0.35	0.9654044162597365)
(	1.273517396	0.35	0.967211870906874)
(	1.27567917	0.35	0.9691054969369183)
(	1.277844257	0.35	0.9710859850300552)
(	1.280012658	0.35	0.9731539898617976)
(	1.282184372	0.35	0.9753101300315068)
(	1.2843594	0.35	0.9775549879944786)
(	1.286537741	0.35	0.9798891099973766)
(	1.288719395	0.35	0.9823130060168175)
(	1.290904362	0.35	0.9848271497009206)
(	1.293092643	0.35	0.9874319783136457)
(	1.295284237	0.35	0.9901278926817643)
(	1.297479145	0.35	0.9929152571443071)
(	1.299677366	0.35	0.9957943995043531)
(	1.3018789	0.35	0.998765610983026)
)