//(x r nth) 
( 
(0.7 0.15 0.6953746187121975)
(0.7026933067626224 0.15 0.69928717291755)
(0.7053975353002399 0.15 0.7031909408255504)
(0.7081126856128522 0.15 0.7070854327831054)
(0.7108387577004595 0.15 0.7109701570003979)
(0.7135757515630617 0.15 0.714844619773242)
(0.7163236672006588 0.15 0.7187083257105056)
(0.7190825046132509 0.15 0.7225607779664824)
(0.7218522638008378 0.15 0.726401478477993)
(0.7246329447634197 0.15 0.7302299282060373)
(0.7274245475009965 0.15 0.7340456273818038)
(0.7302270720135683 0.15 0.7378480757568001)
(0.7330405183011349 0.15 0.741636772856901)
(0.7358648863636965 0.15 0.74541121824005)
(0.7387001762012531 0.15 0.7491709117574087)
(0.7415463878138044 0.15 0.7529153538176467)
(0.7444035212013508 0.15 0.7566440456541342)
(0.7472715763638921 0.15 0.7603564895947826)
(0.7501505533014282 0.15 0.7640521893341742)
(0.7530404520139594 0.15 0.7677306502077785)
(0.7559412725014855 0.15 0.7713913794678688)
(0.7588530147640064 0.15 0.7750338865608972)
(0.7617756788015223 0.15 0.7786576834059679)
(0.7647092646140331 0.15 0.7822622846740719)
(0.7676537722015389 0.15 0.7858472080678545)
(0.7706092015640394 0.15 0.7894119746013794)
(0.7735755527015351 0.15 0.7929561088798166)
(0.7765528256140256 0.15 0.7964791393784482)
(0.779541020301511 0.15 0.7999805987208324)
(0.7825401367639914 0.15 0.8034600239556774)
(0.7855501750014666 0.15 0.8069169568321257)
(0.7885711350139368 0.15 0.8103509440730324)
(0.791603016801402 0.15 0.813761537645966)
(0.794645820363862 0.15 0.8171482950315158)
(0.797699545701317 0.15 0.8205107794885738)
(0.8007641928137669 0.15 0.8238485603162441)
(0.8038397617012116 0.15 0.8271612131120251)
(0.8069262523636513 0.15 0.8304483200259426)
(0.810023664801086 0.15 0.8337094700102621)
(0.8131319990135156 0.15 0.8369442590644355)
(0.8162512550009402 0.15 0.8401522904750518)
(0.8193814327633596 0.15 0.8433331750503184)
(0.8225225323007739 0.15 0.8464865313488728)
(0.8256745536131832 0.15 0.8496119859026035)
(0.8288374967005874 0.15 0.852709173433107)
(0.8320113615629865 0.15 0.8557777370616075)
(0.8351961482003806 0.15 0.8588173285119503)
(0.8383918566127695 0.15 0.8618276083065187)
(0.8415984868001534 0.15 0.8648082459546687)
(0.8448160387625323 0.15 0.8677589201336026)
(0.848044512499906 0.15 0.870679318861343)
(0.8512839080122747 0.15 0.8735691396616122)
(0.8545342252996382 0.15 0.8764280897204261)
(0.8577954643619967 0.15 0.8792558860342422)
(0.8610676251993502 0.15 0.8820522555494145)
(0.8643507078116985 0.15 0.8848169352928236)
(0.8676447121990418 0.15 0.8875496724936356)
(0.87094963836138 0.15 0.8902502246958606)
(0.8742654862987131 0.15 0.892918359861801)
(0.8775922560110412 0.15 0.8955538564661664)
(0.8809299474983641 0.15 0.898156503580815)
(0.884278560760682 0.15 0.9007261009500523)
(0.8876380957979948 0.15 0.9032624590564731)
(0.8910085526103027 0.15 0.9057653991772138)
(0.8943899311976052 0.15 0.9082347534307416)
(0.8977822315599029 0.15 0.9106703648140716)
(0.9011854536971954 0.15 0.9130720872304473)
(0.9045995976094827 0.15 0.9154397855075792)
(0.9080246632967651 0.15 0.9177733354063972)
(0.9114606507590424 0.15 0.9200726236204537)
(0.9149075599963146 0.15 0.9223375477660501)
(0.9183653910085817 0.15 0.9245680163630724)
(0.9218341437958438 0.15 0.9267639488068447)
(0.9253138183581008 0.15 0.9289252753309544)
(0.9288044146953527 0.15 0.9310519369611775)
(0.9323059328075995 0.15 0.9331438854608565)
(0.9358183726948412 0.15 0.9352010832676074)
(0.9393417343570778 0.15 0.9372235034217511)
(0.9428760177943095 0.15 0.9392111294865665)
(0.946421223006536 0.15 0.9411639554605263)
(0.9499773499937574 0.15 0.9430819856818107)
(0.9535443987559737 0.15 0.9449652347252689)
(0.9571223692931851 0.15 0.9468137272919852)
(0.9607112616053912 0.15 0.9486274980918493)
(0.9643110756925923 0.15 0.9504065917191921)
(0.9679218115547884 0.15 0.9521510625218751)
(0.9715434691919793 0.15 0.9538609744639919)
(0.9751760486041653 0.15 0.9555364009824883)
(0.9788195497913461 0.15 0.9571774248379934)
(0.9824739727535219 0.15 0.958784137960052)
(0.9861393174906925 0.15 0.9603566412871325)
(0.9898155840028581 0.15 0.9618950446015833)
(0.9935027722900187 0.15 0.9633994663599018)
(0.9972008823521741 0.15 0.964870033518592)
(1.0009099141893243 0.15 0.9663068813558147)
(1.0046298678014698 0.15 0.9677101532892071)
(1.00836074318861 0.15 0.9690800006901263)
(1.012102540350745 0.15 0.9704165826945669)
(1.0158552592878751 0.15 0.971720066011072)
(1.0196189 0.15 0.971720066011072)
(0.7 0.16999999999999998 0.7021105703500532)
(0.7027098967536815 0.16999999999999998 0.705620234725971)
(0.7054299070965994 0.16999999999999998 0.7091213914304382)
(0.7081600310287536 0.16999999999999998 0.7126136860483097)
(0.7109002685501441 0.16999999999999998 0.7160967634375227)
(0.713650619660771 0.16999999999999998 0.7195702678667322)
(0.7164110843606343 0.16999999999999998 0.7230338431550719)
(0.7191816626497339 0.16999999999999998 0.7264871328139713)
(0.7219623545280699 0.16999999999999998 0.7299297801908992)
(0.7247531599956422 0.16999999999999998 0.7333614286149543)
(0.7275540790524508 0.16999999999999998 0.7367817215441573)
(0.7303651116984958 0.16999999999999998 0.7401903027143635)
(0.7331862579337771 0.16999999999999998 0.7435868162896565)
(0.7360175177582949 0.16999999999999998 0.7469709070140892)
(0.738858891172049 0.16999999999999998 0.7503422203646913)
(0.7417103781750394 0.16999999999999998 0.7537004027055434)
(0.7445719787672661 0.16999999999999998 0.7570451014428523)
(0.7474436929487293 0.16999999999999998 0.7603759651808419)
(0.7503255207194286 0.16999999999999998 0.7636926438783426)
(0.7532174620793645 0.16999999999999998 0.7669947890059328)
(0.7561195170285366 0.16999999999999998 0.7702820537034941)
(0.7590316855669451 0.16999999999999998 0.7735540929379935)
(0.7619539676945899 0.16999999999999998 0.7768105636614147)
(0.7648863634114711 0.16999999999999998 0.7800511249686246)
(0.7678288727175887 0.16999999999999998 0.7832754382550285)
(0.7707814956129426 0.16999999999999998 0.7864831673738969)
(0.7737442320975328 0.16999999999999998 0.7896739787931906)
(0.7767170821713594 0.16999999999999998 0.7928475417516695)
(0.7797000458344224 0.16999999999999998 0.7960035284142412)
(0.7826931230867217 0.16999999999999998 0.7991416140262954)
(0.7856963139282573 0.16999999999999998 0.8022614770669036)
(0.7887096183590293 0.16999999999999998 0.8053627994007064)
(0.7917330363790377 0.16999999999999998 0.808445266428384)
(0.7947665679882824 0.16999999999999998 0.8115085672354821)
(0.7978102131867634 0.16999999999999998 0.8145523947394671)
(0.8008639719744808 0.16999999999999998 0.8175764458348954)
(0.8039278443514345 0.16999999999999998 0.8205804215364588)
(0.8070018303176246 0.16999999999999998 0.8235640271198381)
(0.8100859298730511 0.16999999999999998 0.8265269722601623)
(0.8131801430177138 0.16999999999999998 0.829468971167959)
(0.816284469751613 0.16999999999999998 0.8323897427224187)
(0.8193989100747484 0.16999999999999998 0.835289010601864)
(0.8225234639871203 0.16999999999999998 0.8381665034112731)
(0.8256581314887285 0.16999999999999998 0.8410219548067053)
(0.828802912579573 0.16999999999999998 0.8438551036165486)
(0.8319578072596538 0.16999999999999998 0.8466656939593795)
(0.835122815528971 0.16999999999999998 0.8494534753584068)
(0.8382979373875247 0.16999999999999998 0.8522182028523047)
(0.8414831728353146 0.16999999999999998 0.8549596371023755)
(0.8446785218723408 0.16999999999999998 0.8576775444958781)
(0.8478839844986035 0.16999999999999998 0.860371697245488)
(0.8510995607141025 0.16999999999999998 0.8630418734847147)
(0.8543252505188378 0.16999999999999998 0.8656878573592502)
(0.8575610539128095 0.16999999999999998 0.8683094391141061)
(0.8608069708960175 0.16999999999999998 0.8709064151765123)
(0.8640630014684618 0.16999999999999998 0.87347858823444)
(0.8673291456301426 0.16999999999999998 0.8760257673107059)
(0.8706054033810596 0.16999999999999998 0.8785477678326595)
(0.873891774721213 0.16999999999999998 0.8810444116972439)
(0.8771882596506029 0.16999999999999998 0.8835155273315468)
(0.880494858169229 0.16999999999999998 0.885960949748646)
(0.8838115702770915 0.16999999999999998 0.8883805205988637)
(0.8871383959741903 0.16999999999999998 0.8907740882162322)
(0.8904753352605255 0.16999999999999998 0.8931415076603089)
(0.8938223881360969 0.16999999999999998 0.8954826407531407)
(0.8971795546009048 0.16999999999999998 0.8977973561115963)
(0.900546834654949 0.16999999999999998 0.9000855291748014)
(0.9039242282982296 0.16999999999999998 0.9023470422268751)
(0.9073117355307465 0.16999999999999998 0.9045817844148958)
(0.9107093563524997 0.16999999999999998 0.9067896517620833)
(0.9141170907634893 0.16999999999999998 0.9089705471763012)
(0.9175349387637153 0.16999999999999998 0.9111243804537668)
(0.9209629003531776 0.16999999999999998 0.9132510682782035)
(0.9244009755318763 0.16999999999999998 0.9153505342152315)
(0.9278491642998112 0.16999999999999998 0.917422708702227)
(0.9313074666569827 0.16999999999999998 0.9194675290336594)
(0.9347758826033904 0.16999999999999998 0.9214849393418383)
(0.9382544121390344 0.16999999999999998 0.9234748905733307)
(0.9417430552639148 0.16999999999999998 0.9254373404609253)
(0.9452418119780316 0.16999999999999998 0.9273722534913502)
(0.9487506822813847 0.16999999999999998 0.929279600868737)
(0.9522696661739741 0.16999999999999998 0.9311593604739549)
(0.9557987636558 0.16999999999999998 0.9330115168198303)
(0.9593379747268621 0.16999999999999998 0.9348360610025072)
(0.9628872993871606 0.16999999999999998 0.9366329906487635)
(0.9664467376366954 0.16999999999999998 0.9384023098596994)
(0.9700162894754667 0.16999999999999998 0.9401440291505906)
(0.9735959549034743 0.16999999999999998 0.9418581653873171)
(0.9771857339207181 0.16999999999999998 0.9435447417191368)
(0.9807856265271984 0.16999999999999998 0.9452037875082419)
(0.9843956327229149 0.16999999999999998 0.9468353382559679)
(0.9880157525078679 0.16999999999999998 0.9484394355258834)
(0.9916459858820572 0.16999999999999998 0.95001612686387)
(0.9952863328454828 0.16999999999999998 0.9515654657152628)
(0.9989367933981448 0.16999999999999998 0.9530875113392312)
(1.002597367540043 0.16999999999999998 0.954582328720463)
(1.0062680552711778 0.16999999999999998 0.9560499884783513)
(1.0099488565915489 0.16999999999999998 0.9574905667737017)
(1.0136397715011563 0.16999999999999998 0.9589041452131915)
(1.0173408 0.16999999999999998 0.9589041452131915)
(0.7 0.19 0.7029293206103413)
(0.7027021570350921 0.19 0.7060707505657396)
(0.7054136809952565 0.19 0.7092045271168028)
(0.7081345718804932 0.19 0.7123304015509535)
(0.7108648296908023 0.19 0.7154481250743401)
(0.7136044544261838 0.19 0.7185574488914347)
(0.7163534460866375 0.19 0.7216581242854229)
(0.7191118046721636 0.19 0.724749902699355)
(0.7218795301827621 0.19 0.7278325358179896)
(0.7246566226184328 0.19 0.7309057756502757)
(0.727443081979176 0.19 0.7339693746124422)
(0.7302389082649914 0.19 0.7370230856116045)
(0.7330441014758791 0.19 0.7400666621298673)
(0.7358586616118392 0.19 0.7430998583088355)
(0.7386825886728716 0.19 0.7461224290344898)
(0.7415158826589763 0.19 0.7491341300223759)
(0.7443585435701534 0.19 0.7521347179030098)
(0.7472105714064028 0.19 0.7551239503074818)
(0.7500719661677245 0.19 0.7581015859531777)
(0.7529427278541186 0.19 0.7610673847295301)
(0.7558228564655851 0.19 0.7640211077837852)
(0.7587123520021238 0.19 0.7669625176066646)
(0.7616112144637349 0.19 0.7698913781179061)
(0.7645194438504183 0.19 0.7728074547515781)
(0.767437040162174 0.19 0.7757105145411427)
(0.770364003399002 0.19 0.7786003262041431)
(0.7733003335609024 0.19 0.7814766602265012)
(0.7762460306478752 0.19 0.7843392889463495)
(0.7792010946599203 0.19 0.7871879866372846)
(0.7821655255970377 0.19 0.7900225295910621)
(0.7851393234592274 0.19 0.7928426961995633)
(0.7881224882464894 0.19 0.7956482670360367)
(0.7911150199588238 0.19 0.7984390249355585)
(0.7941169185962306 0.19 0.8012147550745646)
(0.7971281841587097 0.19 0.8039752450494855)
(0.800148816646261 0.19 0.8067202849543655)
(0.8031788160588847 0.19 0.80944966745738)
(0.8062181823965808 0.19 0.8121631878762827)
(0.8092669156593492 0.19 0.8148606442526056)
(0.8123250158471899 0.19 0.8175418374246193)
(0.8153924829601029 0.19 0.8202065710989837)
(0.8184693169980882 0.19 0.8228546519210411)
(0.821555517961146 0.19 0.8254858895436152)
(0.824651085849276 0.19 0.8281000966943957)
(0.8277560206624784 0.19 0.8306970892417528)
(0.8308703224007531 0.19 0.8332766862589193)
(0.8339939910641001 0.19 0.8358387100865797)
(0.8371270266525195 0.19 0.83838298639374)
(0.8402694291660112 0.19 0.8409093442368093)
(0.8434211986045752 0.19 0.8434176161169737)
(0.8465823349682116 0.19 0.8459076380356599)
(0.8497528382569204 0.19 0.8483792495481229)
(0.8529327084707014 0.19 0.8508322938151719)
(0.8561219456095547 0.19 0.853266617652845)
(0.8593205496734804 0.19 0.8556820715801756)
(0.8625285206624784 0.19 0.8580785098648566)
(0.8657458585765487 0.19 0.8604557905668803)
(0.8689725634156915 0.19 0.8628137755800651)
(0.8722086351799064 0.19 0.8651523306714727)
(0.8754540738691938 0.19 0.8674713255186612)
(0.8787088794835535 0.19 0.8697706337447776)
(0.8819730520229856 0.19 0.8720501329514471)
(0.8852465914874899 0.19 0.8743097047494864)
(0.8885294978770666 0.19 0.8765492347872996)
(0.8918217711917156 0.19 0.8787686127771793)
(0.8951234114314368 0.19 0.8809677325191921)
(0.8984344185962306 0.19 0.8831464919229064)
(0.9017547926860966 0.19 0.8853047930268583)
(0.9050845337010349 0.19 0.8874425420156514)
(0.9084236416410456 0.19 0.889559649234893)
(0.9117721165061285 0.19 0.8916560292037704)
(0.915129958296284 0.19 0.893731600625422)
(0.9184971670115116 0.19 0.8957862863949762)
(0.9218737426518115 0.19 0.8978200136054093)
(0.9252596852171839 0.19 0.8998327135510835)
(0.9286549947076286 0.19 0.9018243217290901)
(0.9320596711231456 0.19 0.9037947778383784)
(0.9354737144637348 0.19 0.9057440257766284)
(0.9388971247293966 0.19 0.90767201363501)
(0.9423299019201306 0.19 0.9095786936907116)
(0.9457720460359369 0.19 0.911464022397371)
(0.9492235570768155 0.19 0.9133279603733683)
(0.9526844350427665 0.19 0.9151704723880308)
(0.9561546799337898 0.19 0.9169915273457678)
(0.9596342917498855 0.19 0.918791098268232)
(0.9631232704910535 0.19 0.9205691622743591)
(0.9666216161572937 0.19 0.9223257005585843)
(0.9701293287486064 0.19 0.9240606983670447)
(0.9736464082649914 0.19 0.9257741449718848)
(0.9771728547064487 0.19 0.9274660336437729)
(0.9807086680729783 0.19 0.9291363616225456)
(0.9842538483645802 0.19 0.9307851300860995)
(0.9878083955812547 0.19 0.932412344117551)
(0.9913723097230012 0.19 0.9340180126707583)
(0.9949455907898201 0.19 0.935602148534082)
(0.9985282387817115 0.19 0.9371647682927176)
(1.002120253698675 0.19 0.9387058922893572)
(1.005721635540711 0.19 0.9402255445833744)
(1.0093323843078195 0.19 0.9417237529086182)
(1.0129525 0.19 0.9417237529086182)
(0.7 0.21000000000000002 0.6977792855064868)
(0.7026714338608492 0.21000000000000002 0.7005822259013769)
(0.7053515220296299 0.21000000000000002 0.7033786771703119)
(0.7080402645063422 0.21000000000000002 0.7061684703226656)
(0.7107376612909859 0.21000000000000002 0.7089514365163262)
(0.7134437123835613 0.21000000000000002 0.7117274071007154)
(0.7161584177840683 0.21000000000000002 0.714496213660065)
(0.7188817774925067 0.21000000000000002 0.7172576880569248)
(0.7216137915088767 0.21000000000000002 0.720011662475883)
(0.7243544598331783 0.21000000000000002 0.722757969467473)
(0.7271037824654114 0.21000000000000002 0.7254964419922446)
(0.7298617594055761 0.21000000000000002 0.7282269134649708)
(0.7326283906536722 0.21000000000000002 0.7309492177989824)
(0.7354036762096999 0.21000000000000002 0.7336631894505791)
(0.7381876160736592 0.21000000000000002 0.7363686634635065)
(0.74098021024555 0.21000000000000002 0.739065475513494)
(0.7437814587253725 0.21000000000000002 0.7417534619527796)
(0.7465913615131263 0.21000000000000002 0.7444324598546475)
(0.7494099186088119 0.21000000000000002 0.7471023070579095)
(0.7522371300124289 0.21000000000000002 0.749762842211338)
(0.7550729957239775 0.21000000000000002 0.7524139048180144)
(0.7579175157434576 0.21000000000000002 0.7550553352795325)
(0.7607706900708692 0.21000000000000002 0.757686974940099)
(0.7636325187062124 0.21000000000000002 0.7603086661304438)
(0.7665030016494871 0.21000000000000002 0.7629202522115269)
(0.7693821389006934 0.21000000000000002 0.7655215776180503)
(0.7722699304598313 0.21000000000000002 0.7681124879016992)
(0.7751663763269007 0.21000000000000002 0.7706928297741179)
(0.7780714765019016 0.21000000000000002 0.7732624511495743)
(0.7809852309848341 0.21000000000000002 0.7758212011873213)
(0.7839076397756981 0.21000000000000002 0.7783689303335697)
(0.7868387028744936 0.21000000000000002 0.7809054903631091)
(0.7897784202812208 0.21000000000000002 0.7834307344204996)
(0.7927267919958795 0.21000000000000002 0.7859445170608627)
(0.7956838180184697 0.21000000000000002 0.7884466942901743)
(0.7986494983489915 0.21000000000000002 0.7909371236051101)
(0.8016238329874447 0.21000000000000002 0.7934156640323533)
(0.8046068219338296 0.21000000000000002 0.795882176167404)
(0.8075984651881459 0.21000000000000002 0.7983365222127943)
(0.8105987627503939 0.21000000000000002 0.8007785660157529)
(0.8136077146205734 0.21000000000000002 0.8032081731052486)
(0.8166253207986844 0.21000000000000002 0.8056252107284021)
(0.819651581284727 0.21000000000000002 0.80802954788626)
(0.8226864960787011 0.21000000000000002 0.8104210553689061)
(0.8257300651806068 0.21000000000000002 0.8127996057898408)
(0.828782288590444 0.21000000000000002 0.815165073619683)
(0.8318431663082128 0.21000000000000002 0.817517335219113)
(0.8349126983339131 0.21000000000000002 0.8198562688710701)
(0.837990884667545 0.21000000000000002 0.8221817548121645)
(0.8410777253091084 0.21000000000000002 0.8244936752633198)
(0.8441732202586033 0.21000000000000002 0.826791914459567)
(0.8472773695160298 0.21000000000000002 0.8290763586790114)
(0.8503901730813879 0.21000000000000002 0.8313468962710102)
(0.8535116309546774 0.21000000000000002 0.8336034176833963)
(0.8566417431358986 0.21000000000000002 0.83584581548889)
(0.8597805096250513 0.21000000000000002 0.8380739844105838)
(0.8629279304221354 0.21000000000000002 0.8402878213465654)
(0.8660840055271513 0.21000000000000002 0.842487225393518)
(0.8692487349400986 0.21000000000000002 0.8446720978695146)
(0.8724221186609774 0.21000000000000002 0.8468423423357717)
(0.8756041566897879 0.21000000000000002 0.8489978646174977)
(0.8787948490265298 0.21000000000000002 0.8511385728237428)
(0.8819941956712033 0.21000000000000002 0.853264377366275)
(0.8852021966238084 0.21000000000000002 0.8553751909775261)
(0.888418851884345 0.21000000000000002 0.8574709287274372)
(0.8916441614528131 0.21000000000000002 0.8595515080394199)
(0.8948781253292128 0.21000000000000002 0.8616168487052477)
(0.898120743513544 0.21000000000000002 0.8636668728989276)
(0.9013720160058067 0.21000000000000002 0.8657015051895921)
(0.9046319428060011 0.21000000000000002 0.8677206725533656)
(0.907900523914127 0.21000000000000002 0.8697243043841894)
(0.9111777593301844 0.21000000000000002 0.8717123325036228)
(0.9144636490541733 0.21000000000000002 0.8736846911696641)
(0.9177581930860939 0.21000000000000002 0.8756413170844688)
(0.921061391425946 0.21000000000000002 0.8775821494011292)
(0.9243732440737296 0.21000000000000002 0.8795071297293565)
(0.9276937510294447 0.21000000000000002 0.8814162021401796)
(0.9310229122930914 0.21000000000000002 0.8833093131696488)
(0.9343607278646697 0.21000000000000002 0.8851864118214317)
(0.9377071977441794 0.21000000000000002 0.8870474495685413)
(0.9410623219316208 0.21000000000000002 0.8888923803539145)
(0.9444261004269937 0.21000000000000002 0.8907211605900964)
(0.9477985332302981 0.21000000000000002 0.8925337491578885)
(0.9511796203415341 0.21000000000000002 0.8943301074039965)
(0.9545693617607016 0.21000000000000002 0.8961101991377581)
(0.9579677574878007 0.21000000000000002 0.8978739906268398)
(0.9613748075228312 0.21000000000000002 0.8996214505920282)
(0.9647905118657935 0.21000000000000002 0.9013525502010407)
(0.9682148705166871 0.21000000000000002 0.9030672630614133)
(0.9716478834755125 0.21000000000000002 0.9047655652124701)
(0.9750895507422692 0.21000000000000002 0.9064474351163458)
(0.9785398723169575 0.21000000000000002 0.9081128536481863)
(0.9819988481995774 0.21000000000000002 0.9097618040853478)
(0.9854664783901288 0.21000000000000002 0.9113942720958645)
(0.9889427628886118 0.21000000000000002 0.9130102457258976)
(0.9924277016950264 0.21000000000000002 0.9146097153865086)
(0.9959212948093724 0.21000000000000002 0.9161926738394659)
(0.9994235422316501 0.21000000000000002 0.9177591161823336)
(1.0029344439618593 0.21000000000000002 0.9193090398327147)
(1.006454 0.21000000000000002 0.9193090398327147)
(0.7 0.23 0.6864705638373076)
(0.7026188633381898 0.23 0.6889591433198478)
(0.7052456792283317 0.23 0.6914425058790356)
(0.7078804476704257 0.23 0.6939205406479123)
(0.7105231686644715 0.23 0.6963931369409369)
(0.7131738422104694 0.23 0.6988601842756464)
(0.7158324683084194 0.23 0.7013215723943894)
(0.7184990469583213 0.23 0.7037771912861015)
(0.7211735781601754 0.23 0.7062269312081422)
(0.7238560619139812 0.23 0.7086706827081606)
(0.7265464982197393 0.23 0.7111083366459884)
(0.7292448870774493 0.23 0.7135397842155594)
(0.7319512284871112 0.23 0.7159649169668285)
(0.7346655224487252 0.23 0.7183836268276926)
(0.7373877689622912 0.23 0.7207958061259147)
(0.7401179680278093 0.23 0.72320134761101)
(0.7428561196452793 0.23 0.7256001444761128)
(0.7456022238147013 0.23 0.727992090379805)
(0.7483562805360754 0.23 0.730377079467894)
(0.7511182898094014 0.23 0.7327550063951327)
(0.7538882516346795 0.23 0.7351257663468752)
(0.7566661660119096 0.23 0.7374892550606424)
(0.7594520329410918 0.23 0.7398453688476249)
(0.7622458524222259 0.23 0.7421940046140537)
(0.7650476244553119 0.23 0.7445350598825012)
(0.7678573490403501 0.23 0.7468684328130256)
(0.7706750261773402 0.23 0.7491940222242413)
(0.7735006558662824 0.23 0.7515117276141835)
(0.7763342381071765 0.23 0.7538214491810933)
(0.7791757729000227 0.23 0.7561230878440062)
(0.7820252602448209 0.23 0.7584165452631806)
(0.784882700141571 0.23 0.7607017238603901)
(0.7877480925902732 0.23 0.7629785268389423)
(0.7906214375909275 0.23 0.7652468582036176)
(0.7935027351435338 0.23 0.7675066227803178)
(0.796391985248092 0.23 0.7697577262355395)
(0.7992891879046021 0.23 0.7720000750956109)
(0.8021943431130645 0.23 0.7742335767657295)
(0.8051074508734787 0.23 0.7764581395487137)
(0.808028511185845 0.23 0.7786736726635342)
(0.8109575240501632 0.23 0.7808800862636127)
(0.8138944894664335 0.23 0.7830772914547829)
(0.8168394074346558 0.23 0.7852652003130557)
(0.8197922779548301 0.23 0.7874437259020605)
(0.8227531010269564 0.23 0.7896127822902157)
(0.8257218766510348 0.23 0.7917722845675714)
(0.8286986048270651 0.23 0.7939221488623835)
(0.8316832855550474 0.23 0.7960622923573698)
(0.8346759188349818 0.23 0.7981926333056014)
(0.8376765046668682 0.23 0.8003130910461548)
(0.8406850430507066 0.23 0.802423586019313)
(0.843701533986497 0.23 0.8045240397815588)
(0.8467259774742394 0.23 0.8066143750200816)
(0.8497583735139338 0.23 0.8086945155670625)
(0.8527987221055802 0.23 0.810764386413495)
(0.8558470232491786 0.23 0.8128239137227027)
(0.8589032769447291 0.23 0.8148730248434641)
(0.8619674831922316 0.23 0.8169116483227522)
(0.865039641991686 0.23 0.8189397139181269)
(0.8681197533430925 0.23 0.8209571526096792)
(0.871207817246451 0.23 0.822963896611647)
(0.8743038337017615 0.23 0.8249598793836134)
(0.877407802709024 0.23 0.8269450356412761)
(0.8805197242682385 0.23 0.8289193013668579)
(0.883639598379405 0.23 0.8308826138190615)
(0.8867674250425236 0.23 0.8328349115426789)
(0.8899032042575942 0.23 0.8347761343777163)
(0.8930469360246167 0.23 0.8367062234681281)
(0.8961986203435912 0.23 0.8386251212701574)
(0.8993582572145178 0.23 0.8405327715602111)
(0.9025258466373964 0.23 0.8424291194423449)
(0.905701388612227 0.23 0.8443141113552985)
(0.9088848831390096 0.23 0.8461876950790863)
(0.9120763302177443 0.23 0.8480498197412413)
(0.9152757298484309 0.23 0.8499004358225081)
(0.9184830820310695 0.23 0.8517394951622094)
(0.9216983867656602 0.23 0.8535669509630972)
(0.9249216440522028 0.23 0.8553827577958572)
(0.9281528538906975 0.23 0.8571868716030854)
(0.9313920162811442 0.23 0.8589792497029188)
(0.9346391312235429 0.23 0.8607598507921681)
(0.9378941987178935 0.23 0.8625286349490873)
(0.9411572187641963 0.23 0.8642855636356089)
(0.9444281913624509 0.23 0.8660305996992858)
(0.9477071165126577 0.23 0.8677637073746813)
(0.9509939942148165 0.23 0.8694848522844055)
(0.9542888244689272 0.23 0.8711940014397244)
(0.9575916072749899 0.23 0.8728911232407004)
(0.9609023426330048 0.23 0.8745761874759699)
(0.9642210305429715 0.23 0.8762491653220567)
(0.9675476710048903 0.23 0.8779100293423193)
(0.9708822640187611 0.23 0.8795587534854449)
(0.974224809584584 0.23 0.8811953130835605)
(0.9775753077023588 0.23 0.8828196848499319)
(0.9809337583720856 0.23 0.8844318468762661)
(0.9843001615937644 0.23 0.8860317786296181)
(0.9876745173673953 0.23 0.8876194609488902)
(0.9910568256929781 0.23 0.8891948760409888)
(0.9944470865705131 0.23 0.890758007476536)
(0.9978452999999998 0.23 0.890758007476536)
(0.7 0.25 0.6686757566457919)
(0.7025453351730984 0.25 0.6708683562011424)
(0.7050979138460655 0.25 0.6730569752335935)
(0.7076577360189013 0.25 0.6752415438473024)
(0.7102248016916058 0.25 0.6774219922875566)
(0.7127991108641791 0.25 0.6795982509508753)
(0.7153806635366212 0.25 0.6817702503951139)
(0.717969459708932 0.25 0.683937921349577)
(0.7205654993811116 0.25 0.6861011947251383)
(0.7231687825531599 0.25 0.6882600016243527)
(0.7257793092250769 0.25 0.6904142733515691)
(0.7283970793968627 0.25 0.6925639414230397)
(0.7310220930685172 0.25 0.6947089375770097)
(0.7336543502400404 0.25 0.6968491937838048)
(0.7362938509114324 0.25 0.698984642255895)
(0.7389405950826932 0.25 0.7011152154579411)
(0.7415945827538226 0.25 0.7032408461168129)
(0.7442558139248209 0.25 0.7053614672315988)
(0.7469242885956878 0.25 0.7074770120835555)
(0.7496000067664236 0.25 0.7095874142460503)
(0.752282968437028 0.25 0.7116926075944676)
(0.7549731736075012 0.25 0.71379252631604)
(0.7576706222778431 0.25 0.7158871049197004)
(0.7603753144480537 0.25 0.7179762782458158)
(0.7630872501181332 0.25 0.7200599814759255)
(0.7658064292880813 0.25 0.722138150142405)
(0.7685328519578982 0.25 0.7242107201380802)
(0.7712665181275837 0.25 0.7262776277257664)
(0.7740074277971382 0.25 0.7283388095477621)
(0.7767555809665613 0.25 0.7303942026352811)
(0.7795109776358531 0.25 0.732443744417799)
(0.7822736178050137 0.25 0.7344873727323393)
(0.785043501474043 0.25 0.7365250258326673)
(0.7878206286429411 0.25 0.7385566423984405)
(0.7906049993117079 0.25 0.7405821615442432)
(0.7933966134803435 0.25 0.7426015228285462)
(0.7961954711488477 0.25 0.7446146662625961)
(0.7990015723172208 0.25 0.7466215323191809)
(0.8018149169854626 0.25 0.7486220619413414)
(0.8046355051535731 0.25 0.7506161965509557)
(0.8074633368215524 0.25 0.752603878057237)
(0.8102984119894003 0.25 0.7545850488651258)
(0.8131407306571171 0.25 0.756559651883578)
(0.8159902928247026 0.25 0.7585276305337602)
(0.8188470984921568 0.25 0.7604889287570965)
(0.8217111476594797 0.25 0.7624434910232467)
(0.8245824403266715 0.25 0.7643912623379305)
(0.827460976493732 0.25 0.766332188250673)
(0.830346756160661 0.25 0.7682662148623984)
(0.8332397793274591 0.25 0.7701932888328855)
(0.8361400459941257 0.25 0.7721133573881646)
(0.8390475561606611 0.25 0.7740263683277173)
(0.8419623098270652 0.25 0.7759322700315718)
(0.844884306993338 0.25 0.7778310114672703)
(0.8478135476594797 0.25 0.7797225421967017)
(0.8507500318254901 0.25 0.7816068123827843)
(0.8536937594913693 0.25 0.7834837727960206)
(0.8566447306571171 0.25 0.7853533748209154)
(0.8596029453227336 0.25 0.7872155704622265)
(0.8625684034882191 0.25 0.7890703123511155)
(0.8655411051535731 0.25 0.7909175537510915)
(0.8685210503187959 0.25 0.7927572485638532)
(0.8715082389838875 0.25 0.7945893513349918)
(0.8745026711488477 0.25 0.7964138172594686)
(0.8775043468136768 0.25 0.798230602187021)
(0.8805132659783745 0.25 0.8000396626273845)
(0.8835294286429412 0.25 0.8018409557553325)
(0.8865528348073763 0.25 0.8036344394155899)
(0.8895834844716803 0.25 0.8054200721276028)
(0.8926213776358531 0.25 0.8071978130900659)
(0.8956665142998946 0.25 0.808967622185434)
(0.8987188944638048 0.25 0.8107294599840994)
(0.9017785181275838 0.25 0.8124832877485414)
(0.9048453852912315 0.25 0.8142290674372631)
(0.907919495954748 0.25 0.8159667617085408)
(0.9110008501181331 0.25 0.8176963339240467)
(0.9140894477813871 0.25 0.8194177481522781)
(0.9171852889445097 0.25 0.8211309691718611)
(0.9202883736075012 0.25 0.8228359624745998)
(0.9233987017703613 0.25 0.8245326942684876)
(0.9265162734330903 0.25 0.8262211314804176)
(0.9296410885956878 0.25 0.8279012417588264)
(0.9327731472581542 0.25 0.8295729934760975)
(0.9359124494204893 0.25 0.8312363557308611)
(0.9390589950826932 0.25 0.8328912983500714)
(0.9422127842447658 0.25 0.8345377918909276)
(0.9453738169067072 0.25 0.8361758076426603)
(0.9485420930685172 0.25 0.8378053176281102)
(0.9517176127301961 0.25 0.8394262946051505)
(0.9549003758917436 0.25 0.8410387120679279)
(0.9580903825531599 0.25 0.842642544248015)
(0.961287632714445 0.25 0.844237766115248)
(0.9644921263755988 0.25 0.8458243533785342)
(0.9677038635366213 0.25 0.8474022824864476)
(0.9709228441975125 0.25 0.8489715306276184)
(0.9741490683582725 0.25 0.8505320757310209)
(0.9773825360189012 0.25 0.8520838964660674)
(0.9806232471793987 0.25 0.8536269722425153)
(0.9838712018397651 0.25 0.8551612832103019)
(0.9871264 0.25 0.8551612832103019)
(0.7 0.27 0.6439386963476388)
(0.7024514759278344 0.27 0.6458483390639579)
(0.7049094662203658 0.27 0.6477551084934291)
(0.707373970877594 0.27 0.6496589626107798)
(0.709844989899519 0.27 0.6515598594791336)
(0.7123225232861409 0.27 0.653457757254327)
(0.7148065710374596 0.27 0.6553526141892101)
(0.7172971331534752 0.27 0.6572443886379491)
(0.7197942096341876 0.27 0.6591330390603319)
(0.7222978004795969 0.27 0.6610185240260585)
(0.724807905689703 0.27 0.6629008022190281)
(0.7273245252645059 0.27 0.6647798324416325)
(0.7298476592040056 0.27 0.6666555736190191)
(0.7323773075082023 0.27 0.6685279848033628)
(0.7349134701770957 0.27 0.6703970251781242)
(0.7374561472106861 0.27 0.6722626540622946)
(0.7400053386089732 0.27 0.6741248309146262)
(0.7425610443719572 0.27 0.6759835153378679)
(0.7451232644996381 0.27 0.6778386670829523)
(0.7476919989920157 0.27 0.6796902460532116)
(0.7502672478490903 0.27 0.6815382123085404)
(0.7528490110708616 0.27 0.6833825260695617)
(0.7554372886573298 0.27 0.6852231477217816)
(0.7580320806084948 0.27 0.6870600378196936)
(0.7606333869243567 0.27 0.688893157090908)
(0.7632412076049154 0.27 0.6907224664402178)
(0.7658555426501711 0.27 0.6925479269536854)
(0.7684763920601234 0.27 0.6943694999026517)
(0.7711037558347728 0.27 0.6961871467477955)
(0.7737376339741189 0.27 0.6980008291430875)
(0.7763780264781618 0.27 0.6998105089397995)
(0.7790249333469016 0.27 0.7016161481904095)
(0.7816783545803382 0.27 0.7034177091525368)
(0.7843382901784717 0.27 0.7052151542928378)
(0.787004740141302 0.27 0.7070084462908393)
(0.7896777044688291 0.27 0.7087975480427966)
(0.7923571831610531 0.27 0.7105824226654647)
(0.7950431762179739 0.27 0.7123630334998814)
(0.7977356836395917 0.27 0.7141393441151039)
(0.8004347054259062 0.27 0.7159113183118814)
(0.8031402415769175 0.27 0.7176789201263692)
(0.8058522920926258 0.27 0.7194421138336973)
(0.8085708569730309 0.27 0.721200863951628)
(0.8112959362181327 0.27 0.7229551352440684)
(0.8140275298279315 0.27 0.724704892724611)
(0.8167656378024271 0.27 0.7264501016600049)
(0.8195102601416195 0.27 0.728190727573607)
(0.8222613968455088 0.27 0.729926736248777)
(0.8250190479140949 0.27 0.7316580937322481)
(0.8277832133473778 0.27 0.7333847663374248)
(0.8305538931453577 0.27 0.7351067206476763)
(0.8333310873080343 0.27 0.7368239235195951)
(0.8361147958354078 0.27 0.7385363420861133)
(0.838905018727478 0.27 0.7402439437597241)
(0.8417017559842452 0.27 0.7419466962355272)
(0.8445050076057092 0.27 0.7436445674943432)
(0.8473147735918701 0.27 0.7453375258056465)
(0.8501310539427278 0.27 0.7470255397305701)
(0.8529538486582824 0.27 0.7487085781247994)
(0.8557831577385338 0.27 0.7503866101414727)
(0.8586189811834819 0.27 0.7520596052339278)
(0.8614613189931271 0.27 0.7537275331585366)
(0.864310171167469 0.27 0.7553903639773485)
(0.8671655377065077 0.27 0.7570480680608124)
(0.8700274186102432 0.27 0.7587006160903619)
(0.8728958138786758 0.27 0.7603479790609694)
(0.8757707235118051 0.27 0.7619901282836622)
(0.8786521475096312 0.27 0.7636270353879564)
(0.881540085872154 0.27 0.765258672324305)
(0.8844345385993739 0.27 0.7668850113663608)
(0.8873355056912906 0.27 0.7685060251133703)
(0.8902429871479041 0.27 0.7701216864923042)
(0.8931569829692143 0.27 0.771731968760128)
(0.8960774931552216 0.27 0.7733368455058558)
(0.8990045177059256 0.27 0.774936290652684)
(0.9019380566213264 0.27 0.776530278459943)
(0.9048781099014241 0.27 0.7781187835251052)
(0.9078246775462187 0.27 0.7797017807856339)
(0.91077775955571 0.27 0.7812792455208805)
(0.9137373559298984 0.27 0.782851153353812)
(0.9167034666687834 0.27 0.7844174802527777)
(0.9196760917723654 0.27 0.7859782025331596)
(0.9226552312406442 0.27 0.7875332968589855)
(0.9256408850736197 0.27 0.7890827402444724)
(0.9286330532712922 0.27 0.790626510055547)
(0.9316317358336614 0.27 0.7921645840112225)
(0.9346369327607276 0.27 0.7936969401850381)
(0.9376486440524906 0.27 0.7952235570063234)
(0.9406668697089504 0.27 0.7967444132614921)
(0.9436916097301071 0.27 0.7982594880952054)
(0.9467228641159606 0.27 0.7997687610115304)
(0.9497606328665109 0.27 0.8012722118749993)
(0.9528049159817581 0.27 0.8027698209116575)
(0.9558557134617021 0.27 0.80426156870999)
(0.958913025306343 0.27 0.8057474362218288)
(0.9619768515156807 0.27 0.807227404763211)
(0.9650471920897152 0.27 0.808701456015137)
(0.9681240470284467 0.27 0.8101695720242648)
(0.9712074163318749 0.27 0.8116317352036606)
(0.9742973 0.27 0.8116317352036606)
(0.7 0.29000000000000004 0.6116920794184001)
(0.7023376517541143 0.29000000000000004 0.6133272761498453)
(0.7046810611821811 0.29000000000000004 0.6149605255571154)
(0.7070302282842001 0.29000000000000004 0.6165918038265902)
(0.7093851530601716 0.29000000000000004 0.6182210871914692)
(0.7117458355100953 0.29000000000000004 0.61984835193343)
(0.7141122756339713 0.29000000000000004 0.6214735743842731)
(0.7164844734317996 0.29000000000000004 0.6230967309275707)
(0.7188624289035802 0.29000000000000004 0.624717798000316)
(0.7212461420493131 0.29000000000000004 0.6263367520945563)
(0.7236356128689984 0.29000000000000004 0.6279535697590443)
(0.726030841362636 0.29000000000000004 0.629568227600868)
(0.7284318275302258 0.29000000000000004 0.6311807022870807)
(0.730838571371768 0.29000000000000004 0.6327909705463419)
(0.7332510728872625 0.29000000000000004 0.6343990091705263)
(0.7356693320767094 0.29000000000000004 0.6360047950163693)
(0.7380933489401085 0.29000000000000004 0.6376083050070492)
(0.7405231234774599 0.29000000000000004 0.639209516133834)
(0.7429586556887636 0.29000000000000004 0.6408084054576693)
(0.7453999455740197 0.29000000000000004 0.6424049501107866)
(0.7478469931332281 0.29000000000000004 0.643999127298292)
(0.7502997983663888 0.29000000000000004 0.6455909142997687)
(0.7527583612735018 0.29000000000000004 0.6471802884708553)
(0.7552226818545671 0.29000000000000004 0.6487672272448194)
(0.7576927601095848 0.29000000000000004 0.650351708134147)
(0.7601685960385547 0.29000000000000004 0.65193370873208)
(0.762650189641477 0.29000000000000004 0.6535132067142065)
(0.7651375409183515 0.29000000000000004 0.6550901798399817)
(0.7676306498691785 0.29000000000000004 0.6566646059542952)
(0.7701295164939577 0.29000000000000004 0.6582364629889988)
(0.7726341407926891 0.29000000000000004 0.6598057289644229)
(0.7751445227653729 0.29000000000000004 0.6613723819909134)
(0.7776606624120092 0.29000000000000004 0.6629364002703334)
(0.7801825597325975 0.29000000000000004 0.6644977620975666)
(0.7827102147271383 0.29000000000000004 0.6660564458620174)
(0.7852436273956314 0.29000000000000004 0.6676124300490857)
(0.7877827977380768 0.29000000000000004 0.6691656932416401)
(0.7903277257544745 0.29000000000000004 0.6707162141215031)
(0.7928784114448245 0.29000000000000004 0.6722639714708774)
(0.7954348548091269 0.29000000000000004 0.6738089441738111)
(0.7979970558473816 0.29000000000000004 0.675351111217638)
(0.8005650145595885 0.29000000000000004 0.6768904516943748)
(0.8031387309457477 0.29000000000000004 0.6784269448021599)
(0.8057182050058593 0.29000000000000004 0.6799605698466432)
(0.8083034367399232 0.29000000000000004 0.6814913062423916)
(0.8108944261479395 0.29000000000000004 0.6830191335142375)
(0.8134911732299079 0.29000000000000004 0.6845440312986848)
(0.8160936779858288 0.29000000000000004 0.6860659793452502)
(0.818701940415702 0.29000000000000004 0.6875849575177909)
(0.8213159605195274 0.29000000000000004 0.6891009457958609)
(0.8239357382973052 0.29000000000000004 0.6906139242760057)
(0.8265612737490353 0.29000000000000004 0.6921238731731204)
(0.8291925668747178 0.29000000000000004 0.6936307728216468)
(0.8318296176743525 0.29000000000000004 0.6951346036769596)
(0.8344724261479395 0.29000000000000004 0.6966353463165765)
(0.8371209922954788 0.29000000000000004 0.6981329814414183)
(0.8397753161169705 0.29000000000000004 0.6996274898770415)
(0.8424353976124144 0.29000000000000004 0.7011188525748954)
(0.8451012367818107 0.29000000000000004 0.7026070506135168)
(0.8477728336251593 0.29000000000000004 0.7040920651996904)
(0.8504501881424602 0.29000000000000004 0.705573877669721)
(0.8531333003337135 0.29000000000000004 0.707052469490491)
(0.8558221701989189 0.29000000000000004 0.7085278222607272)
(0.8585167977380768 0.29000000000000004 0.7099999177120474)
(0.861217182951187 0.29000000000000004 0.7114687377101266)
(0.8639233258382495 0.29000000000000004 0.7129342642558187)
(0.8666352263992643 0.29000000000000004 0.7143964794862186)
(0.8693528846342313 0.29000000000000004 0.7158553656757529)
(0.8720763005431508 0.29000000000000004 0.7173109052372578)
(0.8748054741260225 0.29000000000000004 0.718763080722985)
(0.8775404053828465 0.29000000000000004 0.7202118748256863)
(0.8802810943136229 0.29000000000000004 0.7216572703795701)
(0.8830275409183516 0.29000000000000004 0.7230992503613568)
(0.8857797451970325 0.29000000000000004 0.7245377978911988)
(0.8885377071496658 0.29000000000000004 0.7259728962337247)
(0.8913014267762515 0.29000000000000004 0.7274045287988732)
(0.8940709040767894 0.29000000000000004 0.7288326791429739)
(0.8968461390512796 0.29000000000000004 0.7302573309694987)
(0.8996271316997222 0.29000000000000004 0.7316784681301081)
(0.902413882022117 0.29000000000000004 0.7330960746254183)
(0.9052063900184641 0.29000000000000004 0.7345101346059386)
(0.9080046556887637 0.29000000000000004 0.7359206323728755)
(0.9108086790330154 0.29000000000000004 0.7373275523789785)
(0.9136184600512196 0.29000000000000004 0.7387308792293427)
(0.9164339987433759 0.29000000000000004 0.740130597682221)
(0.9192552951094848 0.29000000000000004 0.7415266926497671)
(0.9220823491495458 0.29000000000000004 0.742919149198818)
(0.9249151608635592 0.29000000000000004 0.7443079525516413)
(0.9277537302515249 0.29000000000000004 0.7456930880866209)
(0.9305980573134428 0.29000000000000004 0.747074541339006)
(0.9334481420493131 0.29000000000000004 0.7484522980015329)
(0.9363039844591358 0.29000000000000004 0.7498263439252223)
(0.9391655845429108 0.29000000000000004 0.7511966651198188)
(0.9420329423006379 0.29000000000000004 0.7525632477546648)
(0.9449060577323175 0.29000000000000004 0.7539260781591248)
(0.9477849308379493 0.29000000000000004 0.7552851428232388)
(0.9506695616175336 0.29000000000000004 0.756640428398353)
(0.9535599500710701 0.29000000000000004 0.757991921697614)
(0.9564560961985589 0.29000000000000004 0.7593396096965376)
(0.9593579999999999 0.29000000000000004 0.7593396096965376)
(0.7 0.31000000000000005 0.5712851763411945)
(0.7022039916111052 0.31000000000000005 0.5726511534339767)
(0.7044129540180261 0.31000000000000005 0.5740159080130002)
(0.7066268872207622 0.31000000000000005 0.5753794275965345)
(0.7088457912193137 0.31000000000000005 0.5767416997238384)
(0.7110696660136807 0.31000000000000005 0.5781027119557125)
(0.7132985116038632 0.31000000000000005 0.5794624518750539)
(0.7155323279898609 0.31000000000000005 0.5808209070873979)
(0.7177711151716741 0.31000000000000005 0.5821780652214827)
(0.7200148731493028 0.31000000000000005 0.5835339139297857)
(0.7222636019227469 0.31000000000000005 0.5848884408890773)
(0.7245173014920063 0.31000000000000005 0.5862416338009679)
(0.7267759718570812 0.31000000000000005 0.587593480392452)
(0.7290396130179715 0.31000000000000005 0.588943968416456)
(0.7313082249746772 0.31000000000000005 0.590293085652376)
(0.7335818077271983 0.31000000000000005 0.5916408199066321)
(0.7358603612755348 0.31000000000000005 0.5929871590131899)
(0.7381438856196867 0.31000000000000005 0.5943320908341213)
(0.7404323807596541 0.31000000000000005 0.5956756032601278)
(0.7427258466954368 0.31000000000000005 0.5970176842110825)
(0.7450242834270351 0.31000000000000005 0.5983583216365687)
(0.7473276909544486 0.31000000000000005 0.599697503516399)
(0.7496360692776777 0.31000000000000005 0.6010352178611712)
(0.7519494183967221 0.31000000000000005 0.6023714527127767)
(0.754267738311582 0.31000000000000005 0.6037061961449368)
(0.7565910290222572 0.31000000000000005 0.6050394362637316)
(0.7589192905287478 0.31000000000000005 0.6063711612081203)
(0.7612525228310539 0.31000000000000005 0.6077013591504652)
(0.7635907259291754 0.31000000000000005 0.6090300182970562)
(0.7659338998231123 0.31000000000000005 0.6103571268886226)
(0.7682820445128647 0.31000000000000005 0.6116826732008598)
(0.7706351599984325 0.31000000000000005 0.6130066455449188)
(0.7729932462798156 0.31000000000000005 0.6143290322679605)
(0.7753563033570142 0.31000000000000005 0.6156498217536313)
(0.7777243312300282 0.31000000000000005 0.6169690024225782)
(0.7800973298988576 0.31000000000000005 0.6182865627329543)
(0.7824752993635024 0.31000000000000005 0.6196024911809357)
(0.7848582396239626 0.31000000000000005 0.6209167763012091)
(0.7872461506802382 0.31000000000000005 0.6222294066674545)
(0.7896390325323293 0.31000000000000005 0.6235403708928814)
(0.7920368851802357 0.31000000000000005 0.6248496576306829)
(0.7944397086239576 0.31000000000000005 0.6261572555745443)
(0.7968475028634949 0.31000000000000005 0.6274631534591214)
(0.7992602678988476 0.31000000000000005 0.6287673400605454)
(0.8016780037300157 0.31000000000000005 0.6300698041968678)
(0.8041007103569993 0.31000000000000005 0.6313705347285911)
(0.8065283877797983 0.31000000000000005 0.6326695205590724)
(0.8089610359984126 0.31000000000000005 0.6339667506350848)
(0.8113986550128424 0.31000000000000005 0.6352622139472219)
(0.8138412448230876 0.31000000000000005 0.6365558995303675)
(0.8162888054291482 0.31000000000000005 0.6378477964642116)
(0.8187413368310242 0.31000000000000005 0.639137893873654)
(0.8211988390287156 0.31000000000000005 0.6404261809292949)
(0.8236613120222225 0.31000000000000005 0.6417126468478709)
(0.8261287558115448 0.31000000000000005 0.6429972808927154)
(0.8286011703966825 0.31000000000000005 0.6442800723742287)
(0.8310785557776356 0.31000000000000005 0.6455610106502515)
(0.8335609119544041 0.31000000000000005 0.6468400851266173)
(0.8360482389269879 0.31000000000000005 0.6481172852574765)
(0.8385405366953873 0.31000000000000005 0.6493926005457943)
(0.841037805259602 0.31000000000000005 0.6506660205437779)
(0.8435400446196322 0.31000000000000005 0.6519375348533055)
(0.8460472547754778 0.31000000000000005 0.6532071331262858)
(0.8485594357271388 0.31000000000000005 0.654474805065216)
(0.8510765874746151 0.31000000000000005 0.6557405404234196)
(0.853598710017907 0.31000000000000005 0.657004329005615)
(0.8561258033570143 0.31000000000000005 0.6582661606682576)
(0.8586578674919368 0.31000000000000005 0.6595260253198961)
(0.8611949024226749 0.31000000000000005 0.660783912921708)
(0.8637369081492283 0.31000000000000005 0.6620398134877419)
(0.8662838846715972 0.31000000000000005 0.6632937170854041)
(0.8688358319897815 0.31000000000000005 0.6645456138358652)
(0.8713927501037813 0.31000000000000005 0.6657954939143559)
(0.8739546390135964 0.31000000000000005 0.6670433475506224)
(0.8765214987192269 0.31000000000000005 0.6682891650292856)
(0.879093329220673 0.31000000000000005 0.6695329366902039)
(0.8816701305179343 0.31000000000000005 0.6707746529288542)
(0.884251902611011 0.31000000000000005 0.6720143041966847)
(0.8868386454999033 0.31000000000000005 0.6732518810014745)
(0.8894303591846109 0.31000000000000005 0.6744873739077237)
(0.8920270436651339 0.31000000000000005 0.6757207735369614)
(0.8946286989414723 0.31000000000000005 0.6769520705680939)
(0.8972353250136262 0.31000000000000005 0.678181255737819)
(0.8998469218815954 0.31000000000000005 0.6794083198408578)
(0.9024634895453801 0.31000000000000005 0.6806332537303782)
(0.9050850280049803 0.31000000000000005 0.6818560483182841)
(0.9077115372603958 0.31000000000000005 0.6830766945755435)
(0.9103430173116267 0.31000000000000005 0.6842951835325275)
(0.912979468158673 0.31000000000000005 0.6855115062793016)
(0.9156208898015348 0.31000000000000005 0.6867256539659768)
(0.9182672822402119 0.31000000000000005 0.6879376178029785)
(0.9209186454747045 0.31000000000000005 0.6891473890613591)
(0.9235749795050125 0.31000000000000005 0.6903549590731248)
(0.9262362843311359 0.31000000000000005 0.691560319231484)
(0.9289025599530747 0.31000000000000005 0.6927634609912191)
(0.931573806370829 0.31000000000000005 0.6939643758688235)
(0.9342500235843987 0.31000000000000005 0.6951630554429906)
(0.9369312115937837 0.31000000000000005 0.6963594913546589)
(0.9396173703989842 0.31000000000000005 0.6975536753074787)
(0.9423085 0.31000000000000005 0.6975536753074787)
(0.7 0.33 0.522022903807068)
(0.7020504358985009 0.33 0.5231231315908594)
(0.7041050267436207 0.33 0.5242226646423173)
(0.7061637725353596 0.33 0.5253214970926021)
(0.7082266732737172 0.33 0.5264196230806095)
(0.7102937289586939 0.33 0.5275170367531198)
(0.7123649395902895 0.33 0.5286137322649531)
(0.714440305168504 0.33 0.5297097037791243)
(0.7165198256933374 0.33 0.5308049454669934)
(0.7186035011647897 0.33 0.5318994515084193)
(0.7206913315828609 0.33 0.5329932160919106)
(0.7227833169475512 0.33 0.5340862334147858)
(0.7248794572588603 0.33 0.5351784976833058)
(0.7269797525167883 0.33 0.5362700031128559)
(0.7290842027213352 0.33 0.5373607439280639)
(0.7311928078725012 0.33 0.538450714362977)
(0.733305567970286 0.33 0.5395399086612006)
(0.7354224830146897 0.33 0.5406283210760507)
(0.7375435530057124 0.33 0.5417159458706995)
(0.739668777943354 0.33 0.5428027773183375)
(0.7417981578276145 0.33 0.5438888097023157)
(0.7439316926584939 0.33 0.5449740373162846)
(0.7460693824359923 0.33 0.5460584544643649)
(0.7482112271601096 0.33 0.547142055461279)
(0.7503572268308458 0.33 0.5482248346324966)
(0.752507381448201 0.33 0.5493067863144099)
(0.7546616910121751 0.33 0.5503879048544371)
(0.756820155522768 0.33 0.5514681846112095)
(0.75898277497998 0.33 0.552547619954695)
(0.7611495493838109 0.33 0.5536262052663486)
(0.7633204787342606 0.33 0.5547039349392695)
(0.7654955630313293 0.33 0.5557808033783262)
(0.7676748022750169 0.33 0.5568568050003171)
(0.7698581964653235 0.33 0.5579319342341009)
(0.7720457456022489 0.33 0.5590061855207721)
(0.7742374496857933 0.33 0.5600795533137541)
(0.7764333087159567 0.33 0.561152032078984)
(0.7786333226927389 0.33 0.5622236162950351)
(0.7808374916161401 0.33 0.5632943004532718)
(0.7830458154861603 0.33 0.5643640790579723)
(0.7852582943027993 0.33 0.5654329466264925)
(0.7874749280660572 0.33 0.5665008976893717)
(0.7896957167759341 0.33 0.5675679267905311)
(0.7919206604324299 0.33 0.5686340284873368)
(0.7941497590355446 0.33 0.5696991973508085)
(0.7963830125852782 0.33 0.5707634279657209)
(0.7986204210816309 0.33 0.5718267149307309)
(0.8008619845246023 0.33 0.5728890528585595)
(0.8031077029141928 0.33 0.5739504363760718)
(0.8053575762504022 0.33 0.5750108601244704)
(0.8076116045332304 0.33 0.5760703187593841)
(0.8098697877626777 0.33 0.5771288069510144)
(0.8121321259387437 0.33 0.578186319384304)
(0.8143986190614289 0.33 0.5792428507589984)
(0.8166692671307328 0.33 0.5802983957898779)
(0.8189440701466557 0.33 0.5813529492067799)
(0.8212230281091976 0.33 0.5824065057548159)
(0.8235061410183583 0.33 0.5834590601944672)
(0.825793408874138 0.33 0.5845106073017003)
(0.8280848316765366 0.33 0.5855611418681607)
(0.8303804094255541 0.33 0.5866106587011978)
(0.8326801421211907 0.33 0.587659152624073)
(0.834984029763446 0.33 0.5887066184761118)
(0.8372920723523203 0.33 0.5897530511127095)
(0.8396042698878136 0.33 0.5907984454055828)
(0.8419206223699257 0.33 0.5918427962428158)
(0.8442411297986568 0.33 0.5928860985290557)
(0.8465657921740068 0.33 0.5939283471855388)
(0.8488946094959757 0.33 0.59496953715032)
(0.8512275817645636 0.33 0.5960096633783022)
(0.8535647089797704 0.33 0.5970487208414365)
(0.8559059911415962 0.33 0.5980867045287989)
(0.8582514282500407 0.33 0.5991236094466966)
(0.8606010203051044 0.33 0.6001594306188303)
(0.8629547673067869 0.33 0.6011941630864055)
(0.8653126692550883 0.33 0.602227801908199)
(0.8676747261500086 0.33 0.6032603421607557)
(0.8700409379915479 0.33 0.6042917789384412)
(0.8724113047797061 0.33 0.6053221073535748)
(0.8747858265144832 0.33 0.6063513225365761)
(0.8771645031958792 0.33 0.6073794196360183)
(0.8795473348238942 0.33 0.6084063938188131)
(0.8819343213985281 0.33 0.6094322402702431)
(0.884325462919781 0.33 0.610456954194151)
(0.8867207593876527 0.33 0.611480530813009)
(0.8891202108021434 0.33 0.6125029653680065)
(0.891523817163253 0.33 0.6135242531192121)
(0.8939315784709815 0.33 0.6145443893456813)
(0.8963434947253289 0.33 0.6155633693454734)
(0.8987595659262954 0.33 0.6165811884358787)
(0.9011797920738807 0.33 0.6175978419534427)
(0.9036041731680848 0.33 0.6186133252541062)
(0.906032709208908 0.33 0.6196276337132937)
(0.9084654001963501 0.33 0.6206407627260504)
(0.9109022461304112 0.33 0.6216527077070407)
(0.913343247011091 0.33 0.6226634640908231)
(0.9157884028383899 0.33 0.6236730273317845)
(0.9182377136123077 0.33 0.6246813929043473)
(0.9206911793328443 0.33 0.6256885563029738)
(0.9231488 0.33 0.6256885563029738)
(0.7 0.35 0.46321753137850963)
(0.701876827430019 0.35 0.4640554631933999)
(0.7037569681942841 0.35 0.46489305201393355)
(0.7056404222927954 0.35 0.4657302954953121)
(0.707527189725553 0.35 0.466567191294927)
(0.7094172704925565 0.35 0.4674037370723859)
(0.7113106645938063 0.35 0.46823993048955104)
(0.7132073720293023 0.35 0.4690757692105691)
(0.7151073927990445 0.35 0.4699112509019032)
(0.7170107269030327 0.35 0.4707463732323652)
(0.7189173743412671 0.35 0.47158113387315015)
(0.7208273351137477 0.35 0.4724155304978658)
(0.7227406092204745 0.35 0.47324956078256614)
(0.7246571966614473 0.35 0.47408322240578304)
(0.7265770974366664 0.35 0.47491651304856114)
(0.7285003115461317 0.35 0.4757494303944831)
(0.7304268389898431 0.35 0.47658197212970876)
(0.7323566797678006 0.35 0.47741413594300736)
(0.7342898338800044 0.35 0.4782459195257752)
(0.7362263013264542 0.35 0.47907732057209457)
(0.7381660821071503 0.35 0.47990833677873923)
(0.7401091762220924 0.35 0.4807389658452216)
(0.7420555836712808 0.35 0.48156920547380927)
(0.7440053044547152 0.35 0.48239905336958516)
(0.7459583385723959 0.35 0.4832285072404435)
(0.7479146860243228 0.35 0.4840575647971518)
(0.7498743468104958 0.35 0.48488622375335927)
(0.7518373209309149 0.35 0.4857144818256474)
(0.7538036083855802 0.35 0.48654233673354363)
(0.7557732091744916 0.35 0.487369786199569)
(0.7577461232976492 0.35 0.48819682794925734)
(0.759722350755053 0.35 0.48902345971119277)
(0.761701891546703 0.35 0.4898496792170382)
(0.7636847456725991 0.35 0.4906754842015698)
(0.7656709131327414 0.35 0.4915008724026938)
(0.7676603939271298 0.35 0.492325841561511)
(0.7696531880557643 0.35 0.493150389422305)
(0.7716492955186451 0.35 0.49397451373260615)
(0.773648716315772 0.35 0.49479821224320014)
(0.775651450447145 0.35 0.4956214827081758)
(0.7776574979127643 0.35 0.4964443228849538)
(0.7796668587126296 0.35 0.49726673053428644)
(0.7816795328467412 0.35 0.4980887034203518)
(0.7836955203150988 0.35 0.4989102393107123)
(0.7857148211177027 0.35 0.49973133597639086)
(0.7877374352545528 0.35 0.5005519911918905)
(0.7897633627256488 0.35 0.5013722027352242)
(0.7917926035309912 0.35 0.5021919683879373)
(0.7938251576705797 0.35 0.503011285935137)
(0.7958610251444144 0.35 0.5038301531655608)
(0.7979002059524951 0.35 0.5046485678715319)
(0.7999427000948222 0.35 0.5054665278490524)
(0.8019885075713953 0.35 0.5062840308978188)
(0.8040376283822146 0.35 0.5071010748212348)
(0.80609006252728 0.35 0.5079176574264572)
(0.8081458100065916 0.35 0.5087337765243968)
(0.8102048708201494 0.35 0.5095494299298142)
(0.8122672449679533 0.35 0.5103646154612584)
(0.8143329324500034 0.35 0.5111793309411722)
(0.8164019332662996 0.35 0.5119935741958778)
(0.818474247416842 0.35 0.5128073430556216)
(0.8205498749016306 0.35 0.5136206353546108)
(0.8226288157206653 0.35 0.5144334489310175)
(0.8247110698739462 0.35 0.515245781627031)
(0.8267966373614732 0.35 0.5160576312888687)
(0.8288855181832464 0.35 0.5168689957668319)
(0.8309777123392658 0.35 0.5176798729152984)
(0.8330732198295313 0.35 0.5184902605927687)
(0.835172040654043 0.35 0.5193001566619123)
(0.8372741748128008 0.35 0.5201095589895574)
(0.8393796223058049 0.35 0.5209184654467475)
(0.841488383133055 0.35 0.5217268739087466)
(0.8436004572945512 0.35 0.5225347822551127)
(0.8457158447902937 0.35 0.5233421883696711)
(0.8478345456202824 0.35 0.5241490901405635)
(0.8499565597845172 0.35 0.5249554854602969)
(0.8520818872829982 0.35 0.5257613722257027)
(0.8542105281157253 0.35 0.5265667483380875)
(0.8563424822826985 0.35 0.5273716117031203)
(0.858477749783918 0.35 0.528175960230959)
(0.8606163306193836 0.35 0.528979791836231)
(0.8627582247890953 0.35 0.5297831044380829)
(0.8649034322930532 0.35 0.53058589596016)
(0.8670519531312573 0.35 0.5313881643307334)
(0.8692037873037075 0.35 0.5321899074826157)
(0.8713589348104038 0.35 0.5329911233532258)
(0.8735173956513465 0.35 0.5337918098846581)
(0.8756791698265352 0.35 0.5345919650236746)
(0.8778442573359699 0.35 0.5353915867216983)
(0.880012658179651 0.35 0.5361906729349155)
(0.8821843723575782 0.35 0.5369892216241792)
(0.8843593998697515 0.35 0.5377872307552322)
(0.8865377407161711 0.35 0.5385846982985059)
(0.8887193948968367 0.35 0.5393816222293245)
(0.8909043624117485 0.35 0.540178000527818)
(0.8930926432609065 0.35 0.5409738311790296)
(0.8952842374443106 0.35 0.5417691121728363)
(0.897479144961961 0.35 0.5425638415041135)
(0.8996773658138574 0.35 0.5433580171726639)
(0.9018789 0.35 0.5433580171726639)
(	1.1	0.15	0.6953746187121975)
(	1.102693307	0.15	0.69928717291755)
(	1.105397535	0.15	0.7031909408255504)
(	1.108112686	0.15	0.7070854327831054)
(	1.110838758	0.15	0.7109701570003979)
(	1.113575752	0.15	0.714844619773242)
(	1.116323667	0.15	0.7187083257105056)
(	1.119082505	0.15	0.7225607779664824)
(	1.121852264	0.15	0.726401478477993)
(	1.124632945	0.15	0.7302299282060373)
(	1.127424548	0.15	0.7340456273818038)
(	1.130227072	0.15	0.7378480757568001)
(	1.133040518	0.15	0.741636772856901)
(	1.135864886	0.15	0.74541121824005)
(	1.138700176	0.15	0.7491709117574087)
(	1.141546388	0.15	0.7529153538176467)
(	1.144403521	0.15	0.7566440456541342)
(	1.147271576	0.15	0.7603564895947826)
(	1.150150553	0.15	0.7640521893341742)
(	1.153040452	0.15	0.7677306502077785)
(	1.155941273	0.15	0.7713913794678688)
(	1.158853015	0.15	0.7750338865608972)
(	1.161775679	0.15	0.7786576834059679)
(	1.164709265	0.15	0.7822622846740719)
(	1.167653772	0.15	0.7858472080678545)
(	1.170609202	0.15	0.7894119746013794)
(	1.173575553	0.15	0.7929561088798166)
(	1.176552826	0.15	0.7964791393784482)
(	1.17954102	0.15	0.7999805987208324)
(	1.182540137	0.15	0.8034600239556774)
(	1.185550175	0.15	0.8069169568321257)
(	1.188571135	0.15	0.8103509440730324)
(	1.191603017	0.15	0.813761537645966)
(	1.19464582	0.15	0.8171482950315158)
(	1.197699546	0.15	0.8205107794885738)
(	1.200764193	0.15	0.8238485603162441)
(	1.203839762	0.15	0.8271612131120251)
(	1.206926252	0.15	0.8304483200259426)
(	1.210023665	0.15	0.8337094700102621)
(	1.213131999	0.15	0.8369442590644355)
(	1.216251255	0.15	0.8401522904750518)
(	1.219381433	0.15	0.8433331750503184)
(	1.222522532	0.15	0.8464865313488728)
(	1.225674554	0.15	0.8496119859026035)
(	1.228837497	0.15	0.852709173433107)
(	1.232011362	0.15	0.8557777370616075)
(	1.235196148	0.15	0.8588173285119503)
(	1.238391857	0.15	0.8618276083065187)
(	1.241598487	0.15	0.8648082459546687)
(	1.244816039	0.15	0.8677589201336026)
(	1.248044512	0.15	0.870679318861343)
(	1.251283908	0.15	0.8735691396616122)
(	1.254534225	0.15	0.8764280897204261)
(	1.257795464	0.15	0.8792558860342422)
(	1.261067625	0.15	0.8820522555494145)
(	1.264350708	0.15	0.8848169352928236)
(	1.267644712	0.15	0.8875496724936356)
(	1.270949638	0.15	0.8902502246958606)
(	1.274265486	0.15	0.892918359861801)
(	1.277592256	0.15	0.8955538564661664)
(	1.280929947	0.15	0.898156503580815)
(	1.284278561	0.15	0.9007261009500523)
(	1.287638096	0.15	0.9032624590564731)
(	1.291008553	0.15	0.9057653991772138)
(	1.294389931	0.15	0.9082347534307416)
(	1.297782232	0.15	0.9106703648140716)
(	1.301185454	0.15	0.9130720872304473)
(	1.304599598	0.15	0.9154397855075792)
(	1.308024663	0.15	0.9177733354063972)
(	1.311460651	0.15	0.9200726236204537)
(	1.31490756	0.15	0.9223375477660501)
(	1.318365391	0.15	0.9245680163630724)
(	1.321834144	0.15	0.9267639488068447)
(	1.325313818	0.15	0.9289252753309544)
(	1.328804415	0.15	0.9310519369611775)
(	1.332305933	0.15	0.9331438854608565)
(	1.335818373	0.15	0.9352010832676074)
(	1.339341734	0.15	0.9372235034217511)
(	1.342876018	0.15	0.9392111294865665)
(	1.346421223	0.15	0.9411639554605263)
(	1.34997735	0.15	0.9430819856818107)
(	1.353544399	0.15	0.9449652347252689)
(	1.357122369	0.15	0.9468137272919852)
(	1.360711262	0.15	0.9486274980918493)
(	1.364311076	0.15	0.9504065917191921)
(	1.367921812	0.15	0.9521510625218751)
(	1.371543469	0.15	0.9538609744639919)
(	1.375176049	0.15	0.9555364009824883)
(	1.37881955	0.15	0.9571774248379934)
(	1.382473973	0.15	0.958784137960052)
(	1.386139317	0.15	0.9603566412871325)
(	1.389815584	0.15	0.9618950446015833)
(	1.393502772	0.15	0.9633994663599018)
(	1.397200882	0.15	0.964870033518592)
(	1.400909914	0.15	0.9663068813558147)
(	1.404629868	0.15	0.9677101532892071)
(	1.408360743	0.15	0.9690800006901263)
(	1.41210254	0.15	0.9704165826945669)
(	1.415855259	0.15	0.971720066011072)
(	1.4196189	0.15	0.971720066011072)
(	1.1	0.17	0.7021105703500532)
(	1.102709897	0.17	0.705620234725971)
(	1.105429907	0.17	0.7091213914304382)
(	1.108160031	0.17	0.7126136860483097)
(	1.110900269	0.17	0.7160967634375227)
(	1.11365062	0.17	0.7195702678667322)
(	1.116411084	0.17	0.7230338431550719)
(	1.119181663	0.17	0.7264871328139713)
(	1.121962355	0.17	0.7299297801908992)
(	1.12475316	0.17	0.7333614286149543)
(	1.127554079	0.17	0.7367817215441573)
(	1.130365112	0.17	0.7401903027143635)
(	1.133186258	0.17	0.7435868162896565)
(	1.136017518	0.17	0.7469709070140892)
(	1.138858891	0.17	0.7503422203646913)
(	1.141710378	0.17	0.7537004027055434)
(	1.144571979	0.17	0.7570451014428523)
(	1.147443693	0.17	0.7603759651808419)
(	1.150325521	0.17	0.7636926438783426)
(	1.153217462	0.17	0.7669947890059328)
(	1.156119517	0.17	0.7702820537034941)
(	1.159031686	0.17	0.7735540929379935)
(	1.161953968	0.17	0.7768105636614147)
(	1.164886363	0.17	0.7800511249686246)
(	1.167828873	0.17	0.7832754382550285)
(	1.170781496	0.17	0.7864831673738969)
(	1.173744232	0.17	0.7896739787931906)
(	1.176717082	0.17	0.7928475417516695)
(	1.179700046	0.17	0.7960035284142412)
(	1.182693123	0.17	0.7991416140262954)
(	1.185696314	0.17	0.8022614770669036)
(	1.188709618	0.17	0.8053627994007064)
(	1.191733036	0.17	0.808445266428384)
(	1.194766568	0.17	0.8115085672354821)
(	1.197810213	0.17	0.8145523947394671)
(	1.200863972	0.17	0.8175764458348954)
(	1.203927844	0.17	0.8205804215364588)
(	1.20700183	0.17	0.8235640271198381)
(	1.21008593	0.17	0.8265269722601623)
(	1.213180143	0.17	0.829468971167959)
(	1.21628447	0.17	0.8323897427224187)
(	1.21939891	0.17	0.835289010601864)
(	1.222523464	0.17	0.8381665034112731)
(	1.225658131	0.17	0.8410219548067053)
(	1.228802913	0.17	0.8438551036165486)
(	1.231957807	0.17	0.8466656939593795)
(	1.235122816	0.17	0.8494534753584068)
(	1.238297937	0.17	0.8522182028523047)
(	1.241483173	0.17	0.8549596371023755)
(	1.244678522	0.17	0.8576775444958781)
(	1.247883984	0.17	0.860371697245488)
(	1.251099561	0.17	0.8630418734847147)
(	1.254325251	0.17	0.8656878573592502)
(	1.257561054	0.17	0.8683094391141061)
(	1.260806971	0.17	0.8709064151765123)
(	1.264063001	0.17	0.87347858823444)
(	1.267329146	0.17	0.8760257673107059)
(	1.270605403	0.17	0.8785477678326595)
(	1.273891775	0.17	0.8810444116972439)
(	1.27718826	0.17	0.8835155273315468)
(	1.280494858	0.17	0.885960949748646)
(	1.28381157	0.17	0.8883805205988637)
(	1.287138396	0.17	0.8907740882162322)
(	1.290475335	0.17	0.8931415076603089)
(	1.293822388	0.17	0.8954826407531407)
(	1.297179555	0.17	0.8977973561115963)
(	1.300546835	0.17	0.9000855291748014)
(	1.303924228	0.17	0.9023470422268751)
(	1.307311736	0.17	0.9045817844148958)
(	1.310709356	0.17	0.9067896517620833)
(	1.314117091	0.17	0.9089705471763012)
(	1.317534939	0.17	0.9111243804537668)
(	1.3209629	0.17	0.9132510682782035)
(	1.324400976	0.17	0.9153505342152315)
(	1.327849164	0.17	0.917422708702227)
(	1.331307467	0.17	0.9194675290336594)
(	1.334775883	0.17	0.9214849393418383)
(	1.338254412	0.17	0.9234748905733307)
(	1.341743055	0.17	0.9254373404609253)
(	1.345241812	0.17	0.9273722534913502)
(	1.348750682	0.17	0.929279600868737)
(	1.352269666	0.17	0.9311593604739549)
(	1.355798764	0.17	0.9330115168198303)
(	1.359337975	0.17	0.9348360610025072)
(	1.362887299	0.17	0.9366329906487635)
(	1.366446738	0.17	0.9384023098596994)
(	1.370016289	0.17	0.9401440291505906)
(	1.373595955	0.17	0.9418581653873171)
(	1.377185734	0.17	0.9435447417191368)
(	1.380785627	0.17	0.9452037875082419)
(	1.384395633	0.17	0.9468353382559679)
(	1.388015753	0.17	0.9484394355258834)
(	1.391645986	0.17	0.95001612686387)
(	1.395286333	0.17	0.9515654657152628)
(	1.398936793	0.17	0.9530875113392312)
(	1.402597368	0.17	0.954582328720463)
(	1.406268055	0.17	0.9560499884783513)
(	1.409948857	0.17	0.9574905667737017)
(	1.413639772	0.17	0.9589041452131915)
(	1.4173408	0.17	0.9589041452131915)
(	1.1	0.19	0.7029293206103413)
(	1.102702157	0.19	0.7060707505657396)
(	1.105413681	0.19	0.7092045271168028)
(	1.108134572	0.19	0.7123304015509535)
(	1.11086483	0.19	0.7154481250743401)
(	1.113604454	0.19	0.7185574488914347)
(	1.116353446	0.19	0.7216581242854229)
(	1.119111805	0.19	0.724749902699355)
(	1.12187953	0.19	0.7278325358179896)
(	1.124656623	0.19	0.7309057756502757)
(	1.127443082	0.19	0.7339693746124422)
(	1.130238908	0.19	0.7370230856116045)
(	1.133044101	0.19	0.7400666621298673)
(	1.135858662	0.19	0.7430998583088355)
(	1.138682589	0.19	0.7461224290344898)
(	1.141515883	0.19	0.7491341300223759)
(	1.144358544	0.19	0.7521347179030098)
(	1.147210571	0.19	0.7551239503074818)
(	1.150071966	0.19	0.7581015859531777)
(	1.152942728	0.19	0.7610673847295301)
(	1.155822856	0.19	0.7640211077837852)
(	1.158712352	0.19	0.7669625176066646)
(	1.161611214	0.19	0.7698913781179061)
(	1.164519444	0.19	0.7728074547515781)
(	1.16743704	0.19	0.7757105145411427)
(	1.170364003	0.19	0.7786003262041431)
(	1.173300334	0.19	0.7814766602265012)
(	1.176246031	0.19	0.7843392889463495)
(	1.179201095	0.19	0.7871879866372846)
(	1.182165526	0.19	0.7900225295910621)
(	1.185139323	0.19	0.7928426961995633)
(	1.188122488	0.19	0.7956482670360367)
(	1.19111502	0.19	0.7984390249355585)
(	1.194116919	0.19	0.8012147550745646)
(	1.197128184	0.19	0.8039752450494855)
(	1.200148817	0.19	0.8067202849543655)
(	1.203178816	0.19	0.80944966745738)
(	1.206218182	0.19	0.8121631878762827)
(	1.209266916	0.19	0.8148606442526056)
(	1.212325016	0.19	0.8175418374246193)
(	1.215392483	0.19	0.8202065710989837)
(	1.218469317	0.19	0.8228546519210411)
(	1.221555518	0.19	0.8254858895436152)
(	1.224651086	0.19	0.8281000966943957)
(	1.227756021	0.19	0.8306970892417528)
(	1.230870322	0.19	0.8332766862589193)
(	1.233993991	0.19	0.8358387100865797)
(	1.237127027	0.19	0.83838298639374)
(	1.240269429	0.19	0.8409093442368093)
(	1.243421199	0.19	0.8434176161169737)
(	1.246582335	0.19	0.8459076380356599)
(	1.249752838	0.19	0.8483792495481229)
(	1.252932708	0.19	0.8508322938151719)
(	1.256121946	0.19	0.853266617652845)
(	1.25932055	0.19	0.8556820715801756)
(	1.262528521	0.19	0.8580785098648566)
(	1.265745859	0.19	0.8604557905668803)
(	1.268972563	0.19	0.8628137755800651)
(	1.272208635	0.19	0.8651523306714727)
(	1.275454074	0.19	0.8674713255186612)
(	1.278708879	0.19	0.8697706337447776)
(	1.281973052	0.19	0.8720501329514471)
(	1.285246591	0.19	0.8743097047494864)
(	1.288529498	0.19	0.8765492347872996)
(	1.291821771	0.19	0.8787686127771793)
(	1.295123411	0.19	0.8809677325191921)
(	1.298434419	0.19	0.8831464919229064)
(	1.301754793	0.19	0.8853047930268583)
(	1.305084534	0.19	0.8874425420156514)
(	1.308423642	0.19	0.889559649234893)
(	1.311772117	0.19	0.8916560292037704)
(	1.315129958	0.19	0.893731600625422)
(	1.318497167	0.19	0.8957862863949762)
(	1.321873743	0.19	0.8978200136054093)
(	1.325259685	0.19	0.8998327135510835)
(	1.328654995	0.19	0.9018243217290901)
(	1.332059671	0.19	0.9037947778383784)
(	1.335473714	0.19	0.9057440257766284)
(	1.338897125	0.19	0.90767201363501)
(	1.342329902	0.19	0.9095786936907116)
(	1.345772046	0.19	0.911464022397371)
(	1.349223557	0.19	0.9133279603733683)
(	1.352684435	0.19	0.9151704723880308)
(	1.35615468	0.19	0.9169915273457678)
(	1.359634292	0.19	0.918791098268232)
(	1.36312327	0.19	0.9205691622743591)
(	1.366621616	0.19	0.9223257005585843)
(	1.370129329	0.19	0.9240606983670447)
(	1.373646408	0.19	0.9257741449718848)
(	1.377172855	0.19	0.9274660336437729)
(	1.380708668	0.19	0.9291363616225456)
(	1.384253848	0.19	0.9307851300860995)
(	1.387808396	0.19	0.932412344117551)
(	1.39137231	0.19	0.9340180126707583)
(	1.394945591	0.19	0.935602148534082)
(	1.398528239	0.19	0.9371647682927176)
(	1.402120254	0.19	0.9387058922893572)
(	1.405721636	0.19	0.9402255445833744)
(	1.409332384	0.19	0.9417237529086182)
(	1.4129525	0.19	0.9417237529086182)
(	1.1	0.21	0.6977792855064868)
(	1.102671434	0.21	0.7005822259013769)
(	1.105351522	0.21	0.7033786771703119)
(	1.108040265	0.21	0.7061684703226656)
(	1.110737661	0.21	0.7089514365163262)
(	1.113443712	0.21	0.7117274071007154)
(	1.116158418	0.21	0.714496213660065)
(	1.118881777	0.21	0.7172576880569248)
(	1.121613792	0.21	0.720011662475883)
(	1.12435446	0.21	0.722757969467473)
(	1.127103782	0.21	0.7254964419922446)
(	1.129861759	0.21	0.7282269134649708)
(	1.132628391	0.21	0.7309492177989824)
(	1.135403676	0.21	0.7336631894505791)
(	1.138187616	0.21	0.7363686634635065)
(	1.14098021	0.21	0.739065475513494)
(	1.143781459	0.21	0.7417534619527796)
(	1.146591362	0.21	0.7444324598546475)
(	1.149409919	0.21	0.7471023070579095)
(	1.15223713	0.21	0.749762842211338)
(	1.155072996	0.21	0.7524139048180144)
(	1.157917516	0.21	0.7550553352795325)
(	1.16077069	0.21	0.757686974940099)
(	1.163632519	0.21	0.7603086661304438)
(	1.166503002	0.21	0.7629202522115269)
(	1.169382139	0.21	0.7655215776180503)
(	1.17226993	0.21	0.7681124879016992)
(	1.175166376	0.21	0.7706928297741179)
(	1.178071477	0.21	0.7732624511495743)
(	1.180985231	0.21	0.7758212011873213)
(	1.18390764	0.21	0.7783689303335697)
(	1.186838703	0.21	0.7809054903631091)
(	1.18977842	0.21	0.7834307344204996)
(	1.192726792	0.21	0.7859445170608627)
(	1.195683818	0.21	0.7884466942901743)
(	1.198649498	0.21	0.7909371236051101)
(	1.201623833	0.21	0.7934156640323533)
(	1.204606822	0.21	0.795882176167404)
(	1.207598465	0.21	0.7983365222127943)
(	1.210598763	0.21	0.8007785660157529)
(	1.213607715	0.21	0.8032081731052486)
(	1.216625321	0.21	0.8056252107284021)
(	1.219651581	0.21	0.80802954788626)
(	1.222686496	0.21	0.8104210553689061)
(	1.225730065	0.21	0.8127996057898408)
(	1.228782289	0.21	0.815165073619683)
(	1.231843166	0.21	0.817517335219113)
(	1.234912698	0.21	0.8198562688710701)
(	1.237990885	0.21	0.8221817548121645)
(	1.241077725	0.21	0.8244936752633198)
(	1.24417322	0.21	0.826791914459567)
(	1.24727737	0.21	0.8290763586790114)
(	1.250390173	0.21	0.8313468962710102)
(	1.253511631	0.21	0.8336034176833963)
(	1.256641743	0.21	0.83584581548889)
(	1.25978051	0.21	0.8380739844105838)
(	1.26292793	0.21	0.8402878213465654)
(	1.266084006	0.21	0.842487225393518)
(	1.269248735	0.21	0.8446720978695146)
(	1.272422119	0.21	0.8468423423357717)
(	1.275604157	0.21	0.8489978646174977)
(	1.278794849	0.21	0.8511385728237428)
(	1.281994196	0.21	0.853264377366275)
(	1.285202197	0.21	0.8553751909775261)
(	1.288418852	0.21	0.8574709287274372)
(	1.291644161	0.21	0.8595515080394199)
(	1.294878125	0.21	0.8616168487052477)
(	1.298120744	0.21	0.8636668728989276)
(	1.301372016	0.21	0.8657015051895921)
(	1.304631943	0.21	0.8677206725533656)
(	1.307900524	0.21	0.8697243043841894)
(	1.311177759	0.21	0.8717123325036228)
(	1.314463649	0.21	0.8736846911696641)
(	1.317758193	0.21	0.8756413170844688)
(	1.321061391	0.21	0.8775821494011292)
(	1.324373244	0.21	0.8795071297293565)
(	1.327693751	0.21	0.8814162021401796)
(	1.331022912	0.21	0.8833093131696488)
(	1.334360728	0.21	0.8851864118214317)
(	1.337707198	0.21	0.8870474495685413)
(	1.341062322	0.21	0.8888923803539145)
(	1.3444261	0.21	0.8907211605900964)
(	1.347798533	0.21	0.8925337491578885)
(	1.35117962	0.21	0.8943301074039965)
(	1.354569362	0.21	0.8961101991377581)
(	1.357967757	0.21	0.8978739906268398)
(	1.361374808	0.21	0.8996214505920282)
(	1.364790512	0.21	0.9013525502010407)
(	1.368214871	0.21	0.9030672630614133)
(	1.371647883	0.21	0.9047655652124701)
(	1.375089551	0.21	0.9064474351163458)
(	1.378539872	0.21	0.9081128536481863)
(	1.381998848	0.21	0.9097618040853478)
(	1.385466478	0.21	0.9113942720958645)
(	1.388942763	0.21	0.9130102457258976)
(	1.392427702	0.21	0.9146097153865086)
(	1.395921295	0.21	0.9161926738394659)
(	1.399423542	0.21	0.9177591161823336)
(	1.402934444	0.21	0.9193090398327147)
(	1.406454	0.21	0.9193090398327147)
(	1.1	0.23	0.6864705638373076)
(	1.102618863	0.23	0.6889591433198478)
(	1.105245679	0.23	0.6914425058790356)
(	1.107880448	0.23	0.6939205406479123)
(	1.110523169	0.23	0.6963931369409369)
(	1.113173842	0.23	0.6988601842756464)
(	1.115832468	0.23	0.7013215723943894)
(	1.118499047	0.23	0.7037771912861015)
(	1.121173578	0.23	0.7062269312081422)
(	1.123856062	0.23	0.7086706827081606)
(	1.126546498	0.23	0.7111083366459884)
(	1.129244887	0.23	0.7135397842155594)
(	1.131951228	0.23	0.7159649169668285)
(	1.134665522	0.23	0.7183836268276926)
(	1.137387769	0.23	0.7207958061259147)
(	1.140117968	0.23	0.72320134761101)
(	1.14285612	0.23	0.7256001444761128)
(	1.145602224	0.23	0.727992090379805)
(	1.148356281	0.23	0.730377079467894)
(	1.15111829	0.23	0.7327550063951327)
(	1.153888252	0.23	0.7351257663468752)
(	1.156666166	0.23	0.7374892550606424)
(	1.159452033	0.23	0.7398453688476249)
(	1.162245852	0.23	0.7421940046140537)
(	1.165047624	0.23	0.7445350598825012)
(	1.167857349	0.23	0.7468684328130256)
(	1.170675026	0.23	0.7491940222242413)
(	1.173500656	0.23	0.7515117276141835)
(	1.176334238	0.23	0.7538214491810933)
(	1.179175773	0.23	0.7561230878440062)
(	1.18202526	0.23	0.7584165452631806)
(	1.1848827	0.23	0.7607017238603901)
(	1.187748093	0.23	0.7629785268389423)
(	1.190621438	0.23	0.7652468582036176)
(	1.193502735	0.23	0.7675066227803178)
(	1.196391985	0.23	0.7697577262355395)
(	1.199289188	0.23	0.7720000750956109)
(	1.202194343	0.23	0.7742335767657295)
(	1.205107451	0.23	0.7764581395487137)
(	1.208028511	0.23	0.7786736726635342)
(	1.210957524	0.23	0.7808800862636127)
(	1.213894489	0.23	0.7830772914547829)
(	1.216839407	0.23	0.7852652003130557)
(	1.219792278	0.23	0.7874437259020605)
(	1.222753101	0.23	0.7896127822902157)
(	1.225721877	0.23	0.7917722845675714)
(	1.228698605	0.23	0.7939221488623835)
(	1.231683286	0.23	0.7960622923573698)
(	1.234675919	0.23	0.7981926333056014)
(	1.237676505	0.23	0.8003130910461548)
(	1.240685043	0.23	0.802423586019313)
(	1.243701534	0.23	0.8045240397815588)
(	1.246725977	0.23	0.8066143750200816)
(	1.249758374	0.23	0.8086945155670625)
(	1.252798722	0.23	0.810764386413495)
(	1.255847023	0.23	0.8128239137227027)
(	1.258903277	0.23	0.8148730248434641)
(	1.261967483	0.23	0.8169116483227522)
(	1.265039642	0.23	0.8189397139181269)
(	1.268119753	0.23	0.8209571526096792)
(	1.271207817	0.23	0.822963896611647)
(	1.274303834	0.23	0.8249598793836134)
(	1.277407803	0.23	0.8269450356412761)
(	1.280519724	0.23	0.8289193013668579)
(	1.283639598	0.23	0.8308826138190615)
(	1.286767425	0.23	0.8328349115426789)
(	1.289903204	0.23	0.8347761343777163)
(	1.293046936	0.23	0.8367062234681281)
(	1.29619862	0.23	0.8386251212701574)
(	1.299358257	0.23	0.8405327715602111)
(	1.302525847	0.23	0.8424291194423449)
(	1.305701389	0.23	0.8443141113552985)
(	1.308884883	0.23	0.8461876950790863)
(	1.31207633	0.23	0.8480498197412413)
(	1.31527573	0.23	0.8499004358225081)
(	1.318483082	0.23	0.8517394951622094)
(	1.321698387	0.23	0.8535669509630972)
(	1.324921644	0.23	0.8553827577958572)
(	1.328152854	0.23	0.8571868716030854)
(	1.331392016	0.23	0.8589792497029188)
(	1.334639131	0.23	0.8607598507921681)
(	1.337894199	0.23	0.8625286349490873)
(	1.341157219	0.23	0.8642855636356089)
(	1.344428191	0.23	0.8660305996992858)
(	1.347707117	0.23	0.8677637073746813)
(	1.350993994	0.23	0.8694848522844055)
(	1.354288824	0.23	0.8711940014397244)
(	1.357591607	0.23	0.8728911232407004)
(	1.360902343	0.23	0.8745761874759699)
(	1.364221031	0.23	0.8762491653220567)
(	1.367547671	0.23	0.8779100293423193)
(	1.370882264	0.23	0.8795587534854449)
(	1.37422481	0.23	0.8811953130835605)
(	1.377575308	0.23	0.8828196848499319)
(	1.380933758	0.23	0.8844318468762661)
(	1.384300162	0.23	0.8860317786296181)
(	1.387674517	0.23	0.8876194609488902)
(	1.391056826	0.23	0.8891948760409888)
(	1.394447087	0.23	0.890758007476536)
(	1.3978453	0.23	0.890758007476536)
(	1.1	0.25	0.6686757566457919)
(	1.102545335	0.25	0.6708683562011424)
(	1.105097914	0.25	0.6730569752335935)
(	1.107657736	0.25	0.6752415438473024)
(	1.110224802	0.25	0.6774219922875566)
(	1.112799111	0.25	0.6795982509508753)
(	1.115380664	0.25	0.6817702503951139)
(	1.11796946	0.25	0.683937921349577)
(	1.120565499	0.25	0.6861011947251383)
(	1.123168783	0.25	0.6882600016243527)
(	1.125779309	0.25	0.6904142733515691)
(	1.128397079	0.25	0.6925639414230397)
(	1.131022093	0.25	0.6947089375770097)
(	1.13365435	0.25	0.6968491937838048)
(	1.136293851	0.25	0.698984642255895)
(	1.138940595	0.25	0.7011152154579411)
(	1.141594583	0.25	0.7032408461168129)
(	1.144255814	0.25	0.7053614672315988)
(	1.146924289	0.25	0.7074770120835555)
(	1.149600007	0.25	0.7095874142460503)
(	1.152282968	0.25	0.7116926075944676)
(	1.154973174	0.25	0.71379252631604)
(	1.157670622	0.25	0.7158871049197004)
(	1.160375314	0.25	0.7179762782458158)
(	1.16308725	0.25	0.7200599814759255)
(	1.165806429	0.25	0.722138150142405)
(	1.168532852	0.25	0.7242107201380802)
(	1.171266518	0.25	0.7262776277257664)
(	1.174007428	0.25	0.7283388095477621)
(	1.176755581	0.25	0.7303942026352811)
(	1.179510978	0.25	0.732443744417799)
(	1.182273618	0.25	0.7344873727323393)
(	1.185043501	0.25	0.7365250258326673)
(	1.187820629	0.25	0.7385566423984405)
(	1.190604999	0.25	0.7405821615442432)
(	1.193396613	0.25	0.7426015228285462)
(	1.196195471	0.25	0.7446146662625961)
(	1.199001572	0.25	0.7466215323191809)
(	1.201814917	0.25	0.7486220619413414)
(	1.204635505	0.25	0.7506161965509557)
(	1.207463337	0.25	0.752603878057237)
(	1.210298412	0.25	0.7545850488651258)
(	1.213140731	0.25	0.756559651883578)
(	1.215990293	0.25	0.7585276305337602)
(	1.218847098	0.25	0.7604889287570965)
(	1.221711148	0.25	0.7624434910232467)
(	1.22458244	0.25	0.7643912623379305)
(	1.227460976	0.25	0.766332188250673)
(	1.230346756	0.25	0.7682662148623984)
(	1.233239779	0.25	0.7701932888328855)
(	1.236140046	0.25	0.7721133573881646)
(	1.239047556	0.25	0.7740263683277173)
(	1.24196231	0.25	0.7759322700315718)
(	1.244884307	0.25	0.7778310114672703)
(	1.247813548	0.25	0.7797225421967017)
(	1.250750032	0.25	0.7816068123827843)
(	1.253693759	0.25	0.7834837727960206)
(	1.256644731	0.25	0.7853533748209154)
(	1.259602945	0.25	0.7872155704622265)
(	1.262568403	0.25	0.7890703123511155)
(	1.265541105	0.25	0.7909175537510915)
(	1.26852105	0.25	0.7927572485638532)
(	1.271508239	0.25	0.7945893513349918)
(	1.274502671	0.25	0.7964138172594686)
(	1.277504347	0.25	0.798230602187021)
(	1.280513266	0.25	0.8000396626273845)
(	1.283529429	0.25	0.8018409557553325)
(	1.286552835	0.25	0.8036344394155899)
(	1.289583484	0.25	0.8054200721276028)
(	1.292621378	0.25	0.8071978130900659)
(	1.295666514	0.25	0.808967622185434)
(	1.298718894	0.25	0.8107294599840994)
(	1.301778518	0.25	0.8124832877485414)
(	1.304845385	0.25	0.8142290674372631)
(	1.307919496	0.25	0.8159667617085408)
(	1.31100085	0.25	0.8176963339240467)
(	1.314089448	0.25	0.8194177481522781)
(	1.317185289	0.25	0.8211309691718611)
(	1.320288374	0.25	0.8228359624745998)
(	1.323398702	0.25	0.8245326942684876)
(	1.326516273	0.25	0.8262211314804176)
(	1.329641089	0.25	0.8279012417588264)
(	1.332773147	0.25	0.8295729934760975)
(	1.335912449	0.25	0.8312363557308611)
(	1.339058995	0.25	0.8328912983500714)
(	1.342212784	0.25	0.8345377918909276)
(	1.345373817	0.25	0.8361758076426603)
(	1.348542093	0.25	0.8378053176281102)
(	1.351717613	0.25	0.8394262946051505)
(	1.354900376	0.25	0.8410387120679279)
(	1.358090383	0.25	0.842642544248015)
(	1.361287633	0.25	0.844237766115248)
(	1.364492126	0.25	0.8458243533785342)
(	1.367703864	0.25	0.8474022824864476)
(	1.370922844	0.25	0.8489715306276184)
(	1.374149068	0.25	0.8505320757310209)
(	1.377382536	0.25	0.8520838964660674)
(	1.380623247	0.25	0.8536269722425153)
(	1.383871202	0.25	0.8551612832103019)
(	1.3871264	0.25	0.8551612832103019)
(	1.1	0.27	0.6439386963476388)
(	1.102451476	0.27	0.6458483390639579)
(	1.104909466	0.27	0.6477551084934291)
(	1.107373971	0.27	0.6496589626107798)
(	1.10984499	0.27	0.6515598594791336)
(	1.112322523	0.27	0.653457757254327)
(	1.114806571	0.27	0.6553526141892101)
(	1.117297133	0.27	0.6572443886379491)
(	1.11979421	0.27	0.6591330390603319)
(	1.1222978	0.27	0.6610185240260585)
(	1.124807906	0.27	0.6629008022190281)
(	1.127324525	0.27	0.6647798324416325)
(	1.129847659	0.27	0.6666555736190191)
(	1.132377308	0.27	0.6685279848033628)
(	1.13491347	0.27	0.6703970251781242)
(	1.137456147	0.27	0.6722626540622946)
(	1.140005339	0.27	0.6741248309146262)
(	1.142561044	0.27	0.6759835153378679)
(	1.145123264	0.27	0.6778386670829523)
(	1.147691999	0.27	0.6796902460532116)
(	1.150267248	0.27	0.6815382123085404)
(	1.152849011	0.27	0.6833825260695617)
(	1.155437289	0.27	0.6852231477217816)
(	1.158032081	0.27	0.6870600378196936)
(	1.160633387	0.27	0.688893157090908)
(	1.163241208	0.27	0.6907224664402178)
(	1.165855543	0.27	0.6925479269536854)
(	1.168476392	0.27	0.6943694999026517)
(	1.171103756	0.27	0.6961871467477955)
(	1.173737634	0.27	0.6980008291430875)
(	1.176378026	0.27	0.6998105089397995)
(	1.179024933	0.27	0.7016161481904095)
(	1.181678355	0.27	0.7034177091525368)
(	1.18433829	0.27	0.7052151542928378)
(	1.18700474	0.27	0.7070084462908393)
(	1.189677704	0.27	0.7087975480427966)
(	1.192357183	0.27	0.7105824226654647)
(	1.195043176	0.27	0.7123630334998814)
(	1.197735684	0.27	0.7141393441151039)
(	1.200434705	0.27	0.7159113183118814)
(	1.203140242	0.27	0.7176789201263692)
(	1.205852292	0.27	0.7194421138336973)
(	1.208570857	0.27	0.721200863951628)
(	1.211295936	0.27	0.7229551352440684)
(	1.21402753	0.27	0.724704892724611)
(	1.216765638	0.27	0.7264501016600049)
(	1.21951026	0.27	0.728190727573607)
(	1.222261397	0.27	0.729926736248777)
(	1.225019048	0.27	0.7316580937322481)
(	1.227783213	0.27	0.7333847663374248)
(	1.230553893	0.27	0.7351067206476763)
(	1.233331087	0.27	0.7368239235195951)
(	1.236114796	0.27	0.7385363420861133)
(	1.238905019	0.27	0.7402439437597241)
(	1.241701756	0.27	0.7419466962355272)
(	1.244505008	0.27	0.7436445674943432)
(	1.247314774	0.27	0.7453375258056465)
(	1.250131054	0.27	0.7470255397305701)
(	1.252953849	0.27	0.7487085781247994)
(	1.255783158	0.27	0.7503866101414727)
(	1.258618981	0.27	0.7520596052339278)
(	1.261461319	0.27	0.7537275331585366)
(	1.264310171	0.27	0.7553903639773485)
(	1.267165538	0.27	0.7570480680608124)
(	1.270027419	0.27	0.7587006160903619)
(	1.272895814	0.27	0.7603479790609694)
(	1.275770724	0.27	0.7619901282836622)
(	1.278652148	0.27	0.7636270353879564)
(	1.281540086	0.27	0.765258672324305)
(	1.284434539	0.27	0.7668850113663608)
(	1.287335506	0.27	0.7685060251133703)
(	1.290242987	0.27	0.7701216864923042)
(	1.293156983	0.27	0.771731968760128)
(	1.296077493	0.27	0.7733368455058558)
(	1.299004518	0.27	0.774936290652684)
(	1.301938057	0.27	0.776530278459943)
(	1.30487811	0.27	0.7781187835251052)
(	1.307824678	0.27	0.7797017807856339)
(	1.31077776	0.27	0.7812792455208805)
(	1.313737356	0.27	0.782851153353812)
(	1.316703467	0.27	0.7844174802527777)
(	1.319676092	0.27	0.7859782025331596)
(	1.322655231	0.27	0.7875332968589855)
(	1.325640885	0.27	0.7890827402444724)
(	1.328633053	0.27	0.790626510055547)
(	1.331631736	0.27	0.7921645840112225)
(	1.334636933	0.27	0.7936969401850381)
(	1.337648644	0.27	0.7952235570063234)
(	1.34066687	0.27	0.7967444132614921)
(	1.34369161	0.27	0.7982594880952054)
(	1.346722864	0.27	0.7997687610115304)
(	1.349760633	0.27	0.8012722118749993)
(	1.352804916	0.27	0.8027698209116575)
(	1.355855713	0.27	0.80426156870999)
(	1.358913025	0.27	0.8057474362218288)
(	1.361976852	0.27	0.807227404763211)
(	1.365047192	0.27	0.808701456015137)
(	1.368124047	0.27	0.8101695720242648)
(	1.371207416	0.27	0.8116317352036606)
(	1.3742973	0.27	0.8116317352036606)
(	1.1	0.29	0.6116920794184001)
(	1.102337652	0.29	0.6133272761498453)
(	1.104681061	0.29	0.6149605255571154)
(	1.107030228	0.29	0.6165918038265902)
(	1.109385153	0.29	0.6182210871914692)
(	1.111745836	0.29	0.61984835193343)
(	1.114112276	0.29	0.6214735743842731)
(	1.116484473	0.29	0.6230967309275707)
(	1.118862429	0.29	0.624717798000316)
(	1.121246142	0.29	0.6263367520945563)
(	1.123635613	0.29	0.6279535697590443)
(	1.126030841	0.29	0.629568227600868)
(	1.128431828	0.29	0.6311807022870807)
(	1.130838571	0.29	0.6327909705463419)
(	1.133251073	0.29	0.6343990091705263)
(	1.135669332	0.29	0.6360047950163693)
(	1.138093349	0.29	0.6376083050070492)
(	1.140523123	0.29	0.639209516133834)
(	1.142958656	0.29	0.6408084054576693)
(	1.145399946	0.29	0.6424049501107866)
(	1.147846993	0.29	0.643999127298292)
(	1.150299798	0.29	0.6455909142997687)
(	1.152758361	0.29	0.6471802884708553)
(	1.155222682	0.29	0.6487672272448194)
(	1.15769276	0.29	0.650351708134147)
(	1.160168596	0.29	0.65193370873208)
(	1.16265019	0.29	0.6535132067142065)
(	1.165137541	0.29	0.6550901798399817)
(	1.16763065	0.29	0.6566646059542952)
(	1.170129516	0.29	0.6582364629889988)
(	1.172634141	0.29	0.6598057289644229)
(	1.175144523	0.29	0.6613723819909134)
(	1.177660662	0.29	0.6629364002703334)
(	1.18018256	0.29	0.6644977620975666)
(	1.182710215	0.29	0.6660564458620174)
(	1.185243627	0.29	0.6676124300490857)
(	1.187782798	0.29	0.6691656932416401)
(	1.190327726	0.29	0.6707162141215031)
(	1.192878411	0.29	0.6722639714708774)
(	1.195434855	0.29	0.6738089441738111)
(	1.197997056	0.29	0.675351111217638)
(	1.200565015	0.29	0.6768904516943748)
(	1.203138731	0.29	0.6784269448021599)
(	1.205718205	0.29	0.6799605698466432)
(	1.208303437	0.29	0.6814913062423916)
(	1.210894426	0.29	0.6830191335142375)
(	1.213491173	0.29	0.6845440312986848)
(	1.216093678	0.29	0.6860659793452502)
(	1.21870194	0.29	0.6875849575177909)
(	1.221315961	0.29	0.6891009457958609)
(	1.223935738	0.29	0.6906139242760057)
(	1.226561274	0.29	0.6921238731731204)
(	1.229192567	0.29	0.6936307728216468)
(	1.231829618	0.29	0.6951346036769596)
(	1.234472426	0.29	0.6966353463165765)
(	1.237120992	0.29	0.6981329814414183)
(	1.239775316	0.29	0.6996274898770415)
(	1.242435398	0.29	0.7011188525748954)
(	1.245101237	0.29	0.7026070506135168)
(	1.247772834	0.29	0.7040920651996904)
(	1.250450188	0.29	0.705573877669721)
(	1.2531333	0.29	0.707052469490491)
(	1.25582217	0.29	0.7085278222607272)
(	1.258516798	0.29	0.7099999177120474)
(	1.261217183	0.29	0.7114687377101266)
(	1.263923326	0.29	0.7129342642558187)
(	1.266635226	0.29	0.7143964794862186)
(	1.269352885	0.29	0.7158553656757529)
(	1.272076301	0.29	0.7173109052372578)
(	1.274805474	0.29	0.718763080722985)
(	1.277540405	0.29	0.7202118748256863)
(	1.280281094	0.29	0.7216572703795701)
(	1.283027541	0.29	0.7230992503613568)
(	1.285779745	0.29	0.7245377978911988)
(	1.288537707	0.29	0.7259728962337247)
(	1.291301427	0.29	0.7274045287988732)
(	1.294070904	0.29	0.7288326791429739)
(	1.296846139	0.29	0.7302573309694987)
(	1.299627132	0.29	0.7316784681301081)
(	1.302413882	0.29	0.7330960746254183)
(	1.30520639	0.29	0.7345101346059386)
(	1.308004656	0.29	0.7359206323728755)
(	1.310808679	0.29	0.7373275523789785)
(	1.31361846	0.29	0.7387308792293427)
(	1.316433999	0.29	0.740130597682221)
(	1.319255295	0.29	0.7415266926497671)
(	1.322082349	0.29	0.742919149198818)
(	1.324915161	0.29	0.7443079525516413)
(	1.32775373	0.29	0.7456930880866209)
(	1.330598057	0.29	0.747074541339006)
(	1.333448142	0.29	0.7484522980015329)
(	1.336303984	0.29	0.7498263439252223)
(	1.339165585	0.29	0.7511966651198188)
(	1.342032942	0.29	0.7525632477546648)
(	1.344906058	0.29	0.7539260781591248)
(	1.347784931	0.29	0.7552851428232388)
(	1.350669562	0.29	0.756640428398353)
(	1.35355995	0.29	0.757991921697614)
(	1.356456096	0.29	0.7593396096965376)
(	1.359358	0.29	0.7593396096965376)
(	1.1	0.31	0.5712851763411945)
(	1.102203992	0.31	0.5726511534339767)
(	1.104412954	0.31	0.5740159080130002)
(	1.106626887	0.31	0.5753794275965345)
(	1.108845791	0.31	0.5767416997238384)
(	1.111069666	0.31	0.5781027119557125)
(	1.113298512	0.31	0.5794624518750539)
(	1.115532328	0.31	0.5808209070873979)
(	1.117771115	0.31	0.5821780652214827)
(	1.120014873	0.31	0.5835339139297857)
(	1.122263602	0.31	0.5848884408890773)
(	1.124517301	0.31	0.5862416338009679)
(	1.126775972	0.31	0.587593480392452)
(	1.129039613	0.31	0.588943968416456)
(	1.131308225	0.31	0.590293085652376)
(	1.133581808	0.31	0.5916408199066321)
(	1.135860361	0.31	0.5929871590131899)
(	1.138143886	0.31	0.5943320908341213)
(	1.140432381	0.31	0.5956756032601278)
(	1.142725847	0.31	0.5970176842110825)
(	1.145024283	0.31	0.5983583216365687)
(	1.147327691	0.31	0.599697503516399)
(	1.149636069	0.31	0.6010352178611712)
(	1.151949418	0.31	0.6023714527127767)
(	1.154267738	0.31	0.6037061961449368)
(	1.156591029	0.31	0.6050394362637316)
(	1.158919291	0.31	0.6063711612081203)
(	1.161252523	0.31	0.6077013591504652)
(	1.163590726	0.31	0.6090300182970562)
(	1.1659339	0.31	0.6103571268886226)
(	1.168282045	0.31	0.6116826732008598)
(	1.17063516	0.31	0.6130066455449188)
(	1.172993246	0.31	0.6143290322679605)
(	1.175356303	0.31	0.6156498217536313)
(	1.177724331	0.31	0.6169690024225782)
(	1.18009733	0.31	0.6182865627329543)
(	1.182475299	0.31	0.6196024911809357)
(	1.18485824	0.31	0.6209167763012091)
(	1.187246151	0.31	0.6222294066674545)
(	1.189639033	0.31	0.6235403708928814)
(	1.192036885	0.31	0.6248496576306829)
(	1.194439709	0.31	0.6261572555745443)
(	1.196847503	0.31	0.6274631534591214)
(	1.199260268	0.31	0.6287673400605454)
(	1.201678004	0.31	0.6300698041968678)
(	1.20410071	0.31	0.6313705347285911)
(	1.206528388	0.31	0.6326695205590724)
(	1.208961036	0.31	0.6339667506350848)
(	1.211398655	0.31	0.6352622139472219)
(	1.213841245	0.31	0.6365558995303675)
(	1.216288805	0.31	0.6378477964642116)
(	1.218741337	0.31	0.639137893873654)
(	1.221198839	0.31	0.6404261809292949)
(	1.223661312	0.31	0.6417126468478709)
(	1.226128756	0.31	0.6429972808927154)
(	1.22860117	0.31	0.6442800723742287)
(	1.231078556	0.31	0.6455610106502515)
(	1.233560912	0.31	0.6468400851266173)
(	1.236048239	0.31	0.6481172852574765)
(	1.238540537	0.31	0.6493926005457943)
(	1.241037805	0.31	0.6506660205437779)
(	1.243540045	0.31	0.6519375348533055)
(	1.246047255	0.31	0.6532071331262858)
(	1.248559436	0.31	0.654474805065216)
(	1.251076587	0.31	0.6557405404234196)
(	1.25359871	0.31	0.657004329005615)
(	1.256125803	0.31	0.6582661606682576)
(	1.258657867	0.31	0.6595260253198961)
(	1.261194902	0.31	0.660783912921708)
(	1.263736908	0.31	0.6620398134877419)
(	1.266283885	0.31	0.6632937170854041)
(	1.268835832	0.31	0.6645456138358652)
(	1.27139275	0.31	0.6657954939143559)
(	1.273954639	0.31	0.6670433475506224)
(	1.276521499	0.31	0.6682891650292856)
(	1.279093329	0.31	0.6695329366902039)
(	1.281670131	0.31	0.6707746529288542)
(	1.284251903	0.31	0.6720143041966847)
(	1.286838645	0.31	0.6732518810014745)
(	1.289430359	0.31	0.6744873739077237)
(	1.292027044	0.31	0.6757207735369614)
(	1.294628699	0.31	0.6769520705680939)
(	1.297235325	0.31	0.678181255737819)
(	1.299846922	0.31	0.6794083198408578)
(	1.30246349	0.31	0.6806332537303782)
(	1.305085028	0.31	0.6818560483182841)
(	1.307711537	0.31	0.6830766945755435)
(	1.310343017	0.31	0.6842951835325275)
(	1.312979468	0.31	0.6855115062793016)
(	1.31562089	0.31	0.6867256539659768)
(	1.318267282	0.31	0.6879376178029785)
(	1.320918645	0.31	0.6891473890613591)
(	1.32357498	0.31	0.6903549590731248)
(	1.326236284	0.31	0.691560319231484)
(	1.32890256	0.31	0.6927634609912191)
(	1.331573806	0.31	0.6939643758688235)
(	1.334250024	0.31	0.6951630554429906)
(	1.336931212	0.31	0.6963594913546589)
(	1.33961737	0.31	0.6975536753074787)
(	1.3423085	0.31	0.6975536753074787)
(	1.1	0.33	0.522022903807068)
(	1.102050436	0.33	0.5231231315908594)
(	1.104105027	0.33	0.5242226646423173)
(	1.106163773	0.33	0.5253214970926021)
(	1.108226673	0.33	0.5264196230806095)
(	1.110293729	0.33	0.5275170367531198)
(	1.11236494	0.33	0.5286137322649531)
(	1.114440305	0.33	0.5297097037791243)
(	1.116519826	0.33	0.5308049454669934)
(	1.118603501	0.33	0.5318994515084193)
(	1.120691332	0.33	0.5329932160919106)
(	1.122783317	0.33	0.5340862334147858)
(	1.124879457	0.33	0.5351784976833058)
(	1.126979753	0.33	0.5362700031128559)
(	1.129084203	0.33	0.5373607439280639)
(	1.131192808	0.33	0.538450714362977)
(	1.133305568	0.33	0.5395399086612006)
(	1.135422483	0.33	0.5406283210760507)
(	1.137543553	0.33	0.5417159458706995)
(	1.139668778	0.33	0.5428027773183375)
(	1.141798158	0.33	0.5438888097023157)
(	1.143931693	0.33	0.5449740373162846)
(	1.146069382	0.33	0.5460584544643649)
(	1.148211227	0.33	0.547142055461279)
(	1.150357227	0.33	0.5482248346324966)
(	1.152507381	0.33	0.5493067863144099)
(	1.154661691	0.33	0.5503879048544371)
(	1.156820156	0.33	0.5514681846112095)
(	1.158982775	0.33	0.552547619954695)
(	1.161149549	0.33	0.5536262052663486)
(	1.163320479	0.33	0.5547039349392695)
(	1.165495563	0.33	0.5557808033783262)
(	1.167674802	0.33	0.5568568050003171)
(	1.169858196	0.33	0.5579319342341009)
(	1.172045746	0.33	0.5590061855207721)
(	1.17423745	0.33	0.5600795533137541)
(	1.176433309	0.33	0.561152032078984)
(	1.178633323	0.33	0.5622236162950351)
(	1.180837492	0.33	0.5632943004532718)
(	1.183045815	0.33	0.5643640790579723)
(	1.185258294	0.33	0.5654329466264925)
(	1.187474928	0.33	0.5665008976893717)
(	1.189695717	0.33	0.5675679267905311)
(	1.19192066	0.33	0.5686340284873368)
(	1.194149759	0.33	0.5696991973508085)
(	1.196383013	0.33	0.5707634279657209)
(	1.198620421	0.33	0.5718267149307309)
(	1.200861985	0.33	0.5728890528585595)
(	1.203107703	0.33	0.5739504363760718)
(	1.205357576	0.33	0.5750108601244704)
(	1.207611605	0.33	0.5760703187593841)
(	1.209869788	0.33	0.5771288069510144)
(	1.212132126	0.33	0.578186319384304)
(	1.214398619	0.33	0.5792428507589984)
(	1.216669267	0.33	0.5802983957898779)
(	1.21894407	0.33	0.5813529492067799)
(	1.221223028	0.33	0.5824065057548159)
(	1.223506141	0.33	0.5834590601944672)
(	1.225793409	0.33	0.5845106073017003)
(	1.228084832	0.33	0.5855611418681607)
(	1.230380409	0.33	0.5866106587011978)
(	1.232680142	0.33	0.587659152624073)
(	1.23498403	0.33	0.5887066184761118)
(	1.237292072	0.33	0.5897530511127095)
(	1.23960427	0.33	0.5907984454055828)
(	1.241920622	0.33	0.5918427962428158)
(	1.24424113	0.33	0.5928860985290557)
(	1.246565792	0.33	0.5939283471855388)
(	1.248894609	0.33	0.59496953715032)
(	1.251227582	0.33	0.5960096633783022)
(	1.253564709	0.33	0.5970487208414365)
(	1.255905991	0.33	0.5980867045287989)
(	1.258251428	0.33	0.5991236094466966)
(	1.26060102	0.33	0.6001594306188303)
(	1.262954767	0.33	0.6011941630864055)
(	1.265312669	0.33	0.602227801908199)
(	1.267674726	0.33	0.6032603421607557)
(	1.270040938	0.33	0.6042917789384412)
(	1.272411305	0.33	0.6053221073535748)
(	1.274785827	0.33	0.6063513225365761)
(	1.277164503	0.33	0.6073794196360183)
(	1.279547335	0.33	0.6084063938188131)
(	1.281934321	0.33	0.6094322402702431)
(	1.284325463	0.33	0.610456954194151)
(	1.286720759	0.33	0.611480530813009)
(	1.289120211	0.33	0.6125029653680065)
(	1.291523817	0.33	0.6135242531192121)
(	1.293931578	0.33	0.6145443893456813)
(	1.296343495	0.33	0.6155633693454734)
(	1.298759566	0.33	0.6165811884358787)
(	1.301179792	0.33	0.6175978419534427)
(	1.303604173	0.33	0.6186133252541062)
(	1.306032709	0.33	0.6196276337132937)
(	1.3084654	0.33	0.6206407627260504)
(	1.310902246	0.33	0.6216527077070407)
(	1.313343247	0.33	0.6226634640908231)
(	1.315788403	0.33	0.6236730273317845)
(	1.318237714	0.33	0.6246813929043473)
(	1.320691179	0.33	0.6256885563029738)
(	1.3231488	0.33	0.6256885563029738)
(	1.1	0.35	0.46321753137850963)
(	1.101876827	0.35	0.4640554631933999)
(	1.103756968	0.35	0.46489305201393355)
(	1.105640422	0.35	0.4657302954953121)
(	1.10752719	0.35	0.466567191294927)
(	1.10941727	0.35	0.4674037370723859)
(	1.111310665	0.35	0.46823993048955104)
(	1.113207372	0.35	0.4690757692105691)
(	1.115107393	0.35	0.4699112509019032)
(	1.117010727	0.35	0.4707463732323652)
(	1.118917374	0.35	0.47158113387315015)
(	1.120827335	0.35	0.4724155304978658)
(	1.122740609	0.35	0.47324956078256614)
(	1.124657197	0.35	0.47408322240578304)
(	1.126577097	0.35	0.47491651304856114)
(	1.128500312	0.35	0.4757494303944831)
(	1.130426839	0.35	0.47658197212970876)
(	1.13235668	0.35	0.47741413594300736)
(	1.134289834	0.35	0.4782459195257752)
(	1.136226301	0.35	0.47907732057209457)
(	1.138166082	0.35	0.47990833677873923)
(	1.140109176	0.35	0.4807389658452216)
(	1.142055584	0.35	0.48156920547380927)
(	1.144005304	0.35	0.48239905336958516)
(	1.145958339	0.35	0.4832285072404435)
(	1.147914686	0.35	0.4840575647971518)
(	1.149874347	0.35	0.48488622375335927)
(	1.151837321	0.35	0.4857144818256474)
(	1.153803608	0.35	0.48654233673354363)
(	1.155773209	0.35	0.487369786199569)
(	1.157746123	0.35	0.48819682794925734)
(	1.159722351	0.35	0.48902345971119277)
(	1.161701892	0.35	0.4898496792170382)
(	1.163684746	0.35	0.4906754842015698)
(	1.165670913	0.35	0.4915008724026938)
(	1.167660394	0.35	0.492325841561511)
(	1.169653188	0.35	0.493150389422305)
(	1.171649296	0.35	0.49397451373260615)
(	1.173648716	0.35	0.49479821224320014)
(	1.17565145	0.35	0.4956214827081758)
(	1.177657498	0.35	0.4964443228849538)
(	1.179666859	0.35	0.49726673053428644)
(	1.181679533	0.35	0.4980887034203518)
(	1.18369552	0.35	0.4989102393107123)
(	1.185714821	0.35	0.49973133597639086)
(	1.187737435	0.35	0.5005519911918905)
(	1.189763363	0.35	0.5013722027352242)
(	1.191792604	0.35	0.5021919683879373)
(	1.193825158	0.35	0.503011285935137)
(	1.195861025	0.35	0.5038301531655608)
(	1.197900206	0.35	0.5046485678715319)
(	1.1999427	0.35	0.5054665278490524)
(	1.201988508	0.35	0.5062840308978188)
(	1.204037628	0.35	0.5071010748212348)
(	1.206090063	0.35	0.5079176574264572)
(	1.20814581	0.35	0.5087337765243968)
(	1.210204871	0.35	0.5095494299298142)
(	1.212267245	0.35	0.5103646154612584)
(	1.214332932	0.35	0.5111793309411722)
(	1.216401933	0.35	0.5119935741958778)
(	1.218474247	0.35	0.5128073430556216)
(	1.220549875	0.35	0.5136206353546108)
(	1.222628816	0.35	0.5144334489310175)
(	1.22471107	0.35	0.515245781627031)
(	1.226796637	0.35	0.5160576312888687)
(	1.228885518	0.35	0.5168689957668319)
(	1.230977712	0.35	0.5176798729152984)
(	1.23307322	0.35	0.5184902605927687)
(	1.235172041	0.35	0.5193001566619123)
(	1.237274175	0.35	0.5201095589895574)
(	1.239379622	0.35	0.5209184654467475)
(	1.241488383	0.35	0.5217268739087466)
(	1.243600457	0.35	0.5225347822551127)
(	1.245715845	0.35	0.5233421883696711)
(	1.247834546	0.35	0.5241490901405635)
(	1.24995656	0.35	0.5249554854602969)
(	1.252081887	0.35	0.5257613722257027)
(	1.254210528	0.35	0.5265667483380875)
(	1.256342482	0.35	0.5273716117031203)
(	1.25847775	0.35	0.528175960230959)
(	1.260616331	0.35	0.528979791836231)
(	1.262758225	0.35	0.5297831044380829)
(	1.264903432	0.35	0.53058589596016)
(	1.267051953	0.35	0.5313881643307334)
(	1.269203787	0.35	0.5321899074826157)
(	1.271358935	0.35	0.5329911233532258)
(	1.273517396	0.35	0.5337918098846581)
(	1.27567917	0.35	0.5345919650236746)
(	1.277844257	0.35	0.5353915867216983)
(	1.280012658	0.35	0.5361906729349155)
(	1.282184372	0.35	0.5369892216241792)
(	1.2843594	0.35	0.5377872307552322)
(	1.286537741	0.35	0.5385846982985059)
(	1.288719395	0.35	0.5393816222293245)
(	1.290904362	0.35	0.540178000527818)
(	1.293092643	0.35	0.5409738311790296)
(	1.295284237	0.35	0.5417691121728363)
(	1.297479145	0.35	0.5425638415041135)
(	1.299677366	0.35	0.5433580171726639)
(	1.3018789	0.35	0.5433580171726639)
)