//(x r nx) 
( 
(0.7 0.15 -0.7186474376569263)
(0.7026933067626224 0.15 -0.7148408562701076)
(0.7053975353002399 0.15 -0.711001055372548)
(0.7081126856128522 0.15 -0.7071281289454754)
(0.7108387577004595 0.15 -0.7032221810031516)
(0.7135757515630617 0.15 -0.6992833256851254)
(0.7163236672006588 0.15 -0.6953116873420165)
(0.7190825046132509 0.15 -0.6913074006145686)
(0.7218522638008378 0.15 -0.6872706105057788)
(0.7246329447634197 0.15 -0.6832014724458706)
(0.7274245475009965 0.15 -0.6791001523498975)
(0.7302270720135683 0.15 -0.6749668266677905)
(0.7330405183011349 0.15 -0.6708016824266331)
(0.7358648863636965 0.15 -0.6666049172650053)
(0.7387001762012531 0.15 -0.6623767394591789)
(0.7415463878138044 0.15 -0.6581173679410443)
(0.7444035212013508 0.15 -0.6538270323075853)
(0.7472715763638921 0.15 -0.6495059728217278)
(0.7501505533014282 0.15 -0.6451544404045091)
(0.7530404520139594 0.15 -0.6407726966183419)
(0.7559412725014855 0.15 -0.6363610136413596)
(0.7588530147640064 0.15 -0.6319196742326593)
(0.7617756788015223 0.15 -0.6274489716884167)
(0.7647092646140331 0.15 -0.6229492097888086)
(0.7676537722015389 0.15 -0.6184207027355716)
(0.7706092015640394 0.15 -0.6138637750803928)
(0.7735755527015351 0.15 -0.6092787616437818)
(0.7765528256140256 0.15 -0.6046660074247326)
(0.779541020301511 0.15 -0.6000258675009422)
(0.7825401367639914 0.15 -0.5953587069197381)
(0.7855501750014666 0.15 -0.5906649005796613)
(0.7885711350139368 0.15 -0.5859448331028657)
(0.791603016801402 0.15 -0.5811988986982622)
(0.794645820363862 0.15 -0.5764275010155976)
(0.797699545701317 0.15 -0.5716310529905222)
(0.8007641928137669 0.15 -0.5668099766807673)
(0.8038397617012116 0.15 -0.5619647030935687)
(0.8069262523636513 0.15 -0.55709567200445)
(0.810023664801086 0.15 -0.5522033317675726)
(0.8131319990135156 0.15 -0.5472881391178537)
(0.8162512550009402 0.15 -0.5423505589648859)
(0.8193814327633596 0.15 -0.5373910641791031)
(0.8225225323007739 0.15 -0.532410135370237)
(0.8256745536131832 0.15 -0.52740826065832)
(0.8288374967005874 0.15 -0.5223859354376102)
(0.8320113615629865 0.15 -0.5173436621335127)
(0.8351961482003806 0.15 -0.5122819499529502)
(0.8383918566127695 0.15 -0.50720131462829)
(0.8415984868001534 0.15 -0.5021022781553669)
(0.8448160387625323 0.15 -0.49698536852563757)
(0.848044512499906 0.15 -0.49185111945297794)
(0.8512839080122747 0.15 -0.4867000700954037)
(0.8545342252996382 0.15 -0.4815327647720399)
(0.8577954643619967 0.15 -0.47634975267563584)
(0.8610676251993502 0.15 -0.47115158758109943)
(0.8643507078116985 0.15 -0.4659388275503719)
(0.8676447121990418 0.15 -0.4607120346338267)
(0.87094963836138 0.15 -0.45547177456892934)
(0.8742654862987131 0.15 -0.4502186164761644)
(0.8775922560110412 0.15 -0.44495313255283075)
(0.8809299474983641 0.15 -0.4396758977650302)
(0.884278560760682 0.15 -0.43438748953821904)
(0.8876380957979948 0.15 -0.4290884874466495)
(0.8910085526103027 0.15 -0.4237794729022896)
(0.8943899311976052 0.15 -0.41846102884330844)
(0.8977822315599029 0.15 -0.41313373942272735)
(0.9011854536971954 0.15 -0.4077981896975932)
(0.9045995976094827 0.15 -0.40245496531890007)
(0.9080246632967651 0.15 -0.39710465222283275)
(0.9114606507590424 0.15 -0.3917478363235397)
(0.9149075599963146 0.15 -0.386385103207809)
(0.9183653910085817 0.15 -0.3810170378322386)
(0.9218341437958438 0.15 -0.3756442242227934)
(0.9253138183581008 0.15 -0.3702672451774675)
(0.9288044146953527 0.15 -0.36488668197241664)
(0.9323059328075995 0.15 -0.3595031140713748)
(0.9358183726948412 0.15 -0.3541171188393659)
(0.9393417343570778 0.15 -0.34872927126047076)
(0.9428760177943095 0.15 -0.34334014366014404)
(0.946421223006536 0.15 -0.3379503054324654)
(0.9499773499937574 0.15 -0.3325603227723552)
(0.9535443987559737 0.15 -0.3271707584131216)
(0.9571223692931851 0.15 -0.3217821713697921)
(0.9607112616053912 0.15 -0.3163951166879766)
(0.9643110756925923 0.15 -0.31101014519900944)
(0.9679218115547884 0.15 -0.30562780328115474)
(0.9715434691919793 0.15 -0.3002486326273675)
(0.9751760486041653 0.15 -0.29487317001964297)
(0.9788195497913461 0.15 -0.2895019471100458)
(0.9824739727535219 0.15 -0.2841354902088083)
(0.9861393174906925 0.15 -0.2787743200793393)
(0.9898155840028581 0.15 -0.27341895174058145)
(0.9935027722900187 0.15 -0.2680698942765794)
(0.9972008823521741 0.15 -0.2627276506533551)
(1.0009099141893243 0.15 -0.2573927175434447)
(1.0046298678014698 0.15 -0.25206558515786986)
(1.00836074318861 0.15 -0.24674673708566933)
(1.012102540350745 0.15 -0.24143665014118862)
(1.0158552592878751 0.15 -0.2361357942190001)
(1.0196189 0.15 -0.2361357942190001)
(0.7 0.16999999999999998 -0.7120679370697174)
(0.7027098967536815 0.16999999999999998 -0.7085902090385285)
(0.7054299070965994 0.16999999999999998 -0.7050864147150754)
(0.7081600310287536 0.16999999999999998 -0.7015566509246712)
(0.7109002685501441 0.16999999999999998 -0.6980010210553454)
(0.713650619660771 0.16999999999999998 -0.6944196350926429)
(0.7164110843606343 0.16999999999999998 -0.6908126096506972)
(0.7191816626497339 0.16999999999999998 -0.6871800679994549)
(0.7219623545280699 0.16999999999999998 -0.6835221400879898)
(0.7247531599956422 0.16999999999999998 -0.6798389625638069)
(0.7275540790524508 0.16999999999999998 -0.6761306787880784)
(0.7303651116984958 0.16999999999999998 -0.6723974388467128)
(0.7331862579337771 0.16999999999999998 -0.6686393995571999)
(0.7360175177582949 0.16999999999999998 -0.6648567244711819)
(0.738858891172049 0.16999999999999998 -0.6610495838726359)
(0.7417103781750394 0.16999999999999998 -0.6572181547716874)
(0.7445719787672661 0.16999999999999998 -0.653362620893927)
(0.7474436929487293 0.16999999999999998 -0.6494831726652379)
(0.7503255207194286 0.16999999999999998 -0.6455800071920651)
(0.7532174620793645 0.16999999999999998 -0.6416533282370976)
(0.7561195170285366 0.16999999999999998 -0.6377033461903171)
(0.7590316855669451 0.16999999999999998 -0.6337302780354417)
(0.7619539676945899 0.16999999999999998 -0.6297343473116542)
(0.7648863634114711 0.16999999999999998 -0.6257157840706778)
(0.7678288727175887 0.16999999999999998 -0.621674824829181)
(0.7707814956129426 0.16999999999999998 -0.6176117125164667)
(0.7737442320975328 0.16999999999999998 -0.6135266964174678)
(0.7767170821713594 0.16999999999999998 -0.6094200321111333)
(0.7797000458344224 0.16999999999999998 -0.6052919814040809)
(0.7826931230867217 0.16999999999999998 -0.6011428122596556)
(0.7856963139282573 0.16999999999999998 -0.5969727987223787)
(0.7887096183590293 0.16999999999999998 -0.5927822208378535)
(0.7917330363790377 0.16999999999999998 -0.5885713645680865)
(0.7947665679882824 0.16999999999999998 -0.5843405217023845)
(0.7978102131867634 0.16999999999999998 -0.5800899897638292)
(0.8008639719744808 0.16999999999999998 -0.5758200719113395)
(0.8039278443514345 0.16999999999999998 -0.5715310768375135)
(0.8070018303176246 0.16999999999999998 -0.5672233186621953)
(0.8100859298730511 0.16999999999999998 -0.5628971168219364)
(0.8131801430177138 0.16999999999999998 -0.5585527959553758)
(0.816284469751613 0.16999999999999998 -0.5541906857846907)
(0.8193989100747484 0.16999999999999998 -0.5498111209931634)
(0.8225234639871203 0.16999999999999998 -0.5454144410989868)
(0.8256581314887285 0.16999999999999998 -0.5410009903254409)
(0.828802912579573 0.16999999999999998 -0.5365711174674834)
(0.8319578072596538 0.16999999999999998 -0.532125175754993)
(0.835122815528971 0.16999999999999998 -0.5276635227126512)
(0.8382979373875247 0.16999999999999998 -0.523186520016703)
(0.8414831728353146 0.16999999999999998 -0.5186945333486506)
(0.8446785218723408 0.16999999999999998 -0.5141879322461013)
(0.8478839844986035 0.16999999999999998 -0.5096670899508016)
(0.8510995607141025 0.16999999999999998 -0.5051323832541263)
(0.8543252505188378 0.16999999999999998 -0.5005841923400602)
(0.8575610539128095 0.16999999999999998 -0.4960229006259151)
(0.8608069708960175 0.16999999999999998 -0.4914488946008491)
(0.8640630014684618 0.16999999999999998 -0.48686256366244623)
(0.8673291456301426 0.16999999999999998 -0.4822642999514779)
(0.8706054033810596 0.16999999999999998 -0.47765449818488204)
(0.873891774721213 0.16999999999999998 -0.47303355548740655)
(0.8771882596506029 0.16999999999999998 -0.4684018712217732)
(0.880494858169229 0.16999999999999998 -0.4637598468178082)
(0.8838115702770915 0.16999999999999998 -0.45910788560042365)
(0.8871383959741903 0.16999999999999998 -0.45444639261692926)
(0.8904753352605255 0.16999999999999998 -0.44977577446353245)
(0.8938223881360969 0.16999999999999998 -0.44509643911154967)
(0.8971795546009048 0.16999999999999998 -0.44040879573304137)
(0.900546834654949 0.16999999999999998 -0.43571325452654963)
(0.9039242282982296 0.16999999999999998 -0.4310102265427238)
(0.9073117355307465 0.16999999999999998 -0.4263001235101426)
(0.9107093563524997 0.16999999999999998 -0.4215833576615657)
(0.9141170907634893 0.16999999999999998 -0.4168603415605942)
(0.9175349387637153 0.16999999999999998 -0.4121314879292043)
(0.9209629003531776 0.16999999999999998 -0.40739720947586316)
(0.9244009755318763 0.16999999999999998 -0.40265791872492734)
(0.9278491642998112 0.16999999999999998 -0.397914027847057)
(0.9313074666569827 0.16999999999999998 -0.39316594849088426)
(0.9347758826033904 0.16999999999999998 -0.3884140916163684)
(0.9382544121390344 0.16999999999999998 -0.38365886732952625)
(0.9417430552639148 0.16999999999999998 -0.3789006847191089)
(0.9452418119780316 0.16999999999999998 -0.3741399516950508)
(0.9487506822813847 0.16999999999999998 -0.3693770748290169)
(0.9522696661739741 0.16999999999999998 -0.3646124591970707)
(0.9557987636558 0.16999999999999998 -0.3598465082247699)
(0.9593379747268621 0.16999999999999998 -0.35507962353437994)
(0.9628872993871606 0.16999999999999998 -0.35031220479502795)
(0.9664467376366954 0.16999999999999998 -0.34554464957510306)
(0.9700162894754667 0.16999999999999998 -0.3407773531977931)
(0.9735959549034743 0.16999999999999998 -0.3360107085990523)
(0.9771857339207181 0.16999999999999998 -0.3312451061890082)
(0.9807856265271984 0.16999999999999998 -0.326480933716005)
(0.9843956327229149 0.16999999999999998 -0.32171857613402843)
(0.9880157525078679 0.16999999999999998 -0.3169584154732978)
(0.9916459858820572 0.16999999999999998 -0.31220083071409577)
(0.9952863328454828 0.16999999999999998 -0.3074461976640707)
(0.9989367933981448 0.16999999999999998 -0.30269488883889506)
(1.002597367540043 0.16999999999999998 -0.2979472733465071)
(1.0062680552711778 0.16999999999999998 -0.29320371677477786)
(1.0099488565915489 0.16999999999999998 -0.2884645810829739)
(1.0136397715011563 0.16999999999999998 -0.28373022449671953)
(1.0173408 0.16999999999999998 -0.28373022449671953)
(0.7 0.19 -0.7112597065954769)
(0.7027021570350921 0.19 -0.7081412960670582)
(0.7054136809952565 0.19 -0.7050027934108009)
(0.7081345718804932 0.19 -0.70184428403048)
(0.7108648296908023 0.19 -0.698665857422281)
(0.7136044544261838 0.19 -0.6954676071842838)
(0.7163534460866375 0.19 -0.6922496310239862)
(0.7191118046721636 0.19 -0.6890120307638143)
(0.7218795301827621 0.19 -0.6857549123446036)
(0.7246566226184328 0.19 -0.6824783858270305)
(0.727443081979176 0.19 -0.6791825653909414)
(0.7302389082649914 0.19 -0.6758675693325946)
(0.7330441014758791 0.19 -0.6725335200597489)
(0.7358586616118392 0.19 -0.6691805440846204)
(0.7386825886728716 0.19 -0.6658087720146626)
(0.7415158826589763 0.19 -0.6624183385411501)
(0.7443585435701534 0.19 -0.6590093824255916)
(0.7472105714064028 0.19 -0.655582046483904)
(0.7500719661677245 0.19 -0.6521364775683666)
(0.7529427278541186 0.19 -0.6486728265473691)
(0.7558228564655851 0.19 -0.6451912482828932)
(0.7587123520021238 0.19 -0.6416919016057837)
(0.7616112144637349 0.19 -0.63817494928876)
(0.7645194438504183 0.19 -0.6346405580172035)
(0.767437040162174 0.19 -0.631088898357684)
(0.770364003399002 0.19 -0.6275201447242964)
(0.7733003335609024 0.19 -0.6239344753427508)
(0.7762460306478752 0.19 -0.6203320722122424)
(0.7792010946599203 0.19 -0.6167131210651662)
(0.7821655255970377 0.19 -0.6130778113245818)
(0.7851393234592274 0.19 -0.6094263360595823)
(0.7881224882464894 0.19 -0.6057588919384936)
(0.7911150199588238 0.19 -0.6020756791799138)
(0.7941169185962306 0.19 -0.5983769015017253)
(0.7971281841587097 0.19 -0.594662766067979)
(0.800148816646261 0.19 -0.5909334834337513)
(0.8031788160588847 0.19 -0.5871892674880368)
(0.8062181823965808 0.19 -0.5834303353945816)
(0.8092669156593492 0.19 -0.5796569075308499)
(0.8123250158471899 0.19 -0.5758692074250693)
(0.8153924829601029 0.19 -0.5720674616914059)
(0.8184693169980882 0.19 -0.568251899963302)
(0.821555517961146 0.19 -0.5644227548251278)
(0.824651085849276 0.19 -0.560580261742003)
(0.8277560206624784 0.19 -0.5567246589879772)
(0.8308703224007531 0.19 -0.5528561875726407)
(0.8339939910641001 0.19 -0.5489750911660768)
(0.8371270266525195 0.19 -0.5450816160223292)
(0.8402694291660112 0.19 -0.541176010901462)
(0.8434211986045752 0.19 -0.5372585269900898)
(0.8465823349682116 0.19 -0.5333294178206661)
(0.8497528382569204 0.19 -0.5293889391894808)
(0.8529327084707014 0.19 -0.5254373490733344)
(0.8561219456095547 0.19 -0.5214749075451988)
(0.8593205496734804 0.19 -0.517501876688635)
(0.8625285206624784 0.19 -0.513518520511293)
(0.8657458585765487 0.19 -0.5095251048573808)
(0.8689725634156915 0.19 -0.5055218973192687)
(0.8722086351799064 0.19 -0.5015091671482376)
(0.8754540738691938 0.19 -0.49748718516449925)
(0.8787088794835535 0.19 -0.49345622366650527)
(0.8819730520229856 0.19 -0.4894165563396518)
(0.8852465914874899 0.19 -0.4853684581643784)
(0.8885294978770666 0.19 -0.48131220532394503)
(0.8918217711917156 0.19 -0.4772480751115417)
(0.8951234114314368 0.19 -0.473176345837356)
(0.8984344185962306 0.19 -0.469097296735191)
(0.9017547926860966 0.19 -0.4650112078688765)
(0.9050845337010349 0.19 -0.46091836003873676)
(0.9084236416410456 0.19 -0.45681903468780083)
(0.9117721165061285 0.19 -0.4527135138081977)
(0.915129958296284 0.19 -0.4486020798475203)
(0.9184971670115116 0.19 -0.44448501561548465)
(0.9218737426518115 0.19 -0.440362604190663)
(0.9252596852171839 0.19 -0.43623512882766996)
(0.9286549947076286 0.19 -0.43210287286463)
(0.9320596711231456 0.19 -0.4279661196310712)
(0.9354737144637348 0.19 -0.42382515235642465)
(0.9388971247293966 0.19 -0.419680254078943)
(0.9423299019201306 0.19 -0.41553170755539065)
(0.9457720460359369 0.19 -0.41137979517132917)
(0.9492235570768155 0.19 -0.40722479885221047)
(0.9526844350427665 0.19 -0.403066999975275)
(0.9561546799337898 0.19 -0.3989066792823555)
(0.9596342917498855 0.19 -0.39474411679346916)
(0.9631232704910535 0.19 -0.3905795917216931)
(0.9666216161572937 0.19 -0.386413382388753)
(0.9701293287486064 0.19 -0.38224576614190203)
(0.9736464082649914 0.19 -0.3780770192719673)
(0.9771728547064487 0.19 -0.37390741693243806)
(0.9807086680729783 0.19 -0.3697372330599367)
(0.9842538483645802 0.19 -0.3655667402959448)
(0.9878083955812547 0.19 -0.3613962099098624)
(0.9913723097230012 0.19 -0.35722591172333396)
(0.9949455907898201 0.19 -0.35305611403629567)
(0.9985282387817115 0.19 -0.34888708355405906)
(1.002120253698675 0.19 -0.3447190853162059)
(1.005721635540711 0.19 -0.3405523826269563)
(1.0093323843078195 0.19 -0.3363872369869401)
(1.0129525 0.19 -0.3363872369869401)
(0.7 0.21000000000000002 -0.71631282881019)
(0.7026714338608492 0.21000000000000002 -0.7135716815787132)
(0.7053515220296299 0.21000000000000002 -0.7108153322081214)
(0.7080402645063422 0.21000000000000002 -0.7080438485871806)
(0.7107376612909859 0.21000000000000002 -0.70525730103377)
(0.7134437123835613 0.21000000000000002 -0.7024557622951728)
(0.7161584177840683 0.21000000000000002 -0.6996393075474183)
(0.7188817774925067 0.21000000000000002 -0.6968080143936601)
(0.7216137915088767 0.21000000000000002 -0.6939619628615931)
(0.7243544598331783 0.21000000000000002 -0.691101235399891)
(0.7271037824654114 0.21000000000000002 -0.6882259168736629)
(0.7298617594055761 0.21000000000000002 -0.6853360945589266)
(0.7326283906536722 0.21000000000000002 -0.682431858136075)
(0.7354036762096999 0.21000000000000002 -0.6795132996823563)
(0.7381876160736592 0.21000000000000002 -0.6765805136633548)
(0.74098021024555 0.21000000000000002 -0.673633596923441)
(0.7437814587253725 0.21000000000000002 -0.6706726486752435)
(0.7465913615131263 0.21000000000000002 -0.6676977704880845)
(0.7494099186088119 0.21000000000000002 -0.6647090662754266)
(0.7522371300124289 0.21000000000000002 -0.6617066422812877)
(0.7550729957239775 0.21000000000000002 -0.658690607065645)
(0.7579175157434576 0.21000000000000002 -0.6556610714888546)
(0.7607706900708692 0.21000000000000002 -0.6526181486950253)
(0.7636325187062124 0.21000000000000002 -0.6495619540944076)
(0.7665030016494871 0.21000000000000002 -0.6464926053447946)
(0.7693821389006934 0.21000000000000002 -0.6434102223318895)
(0.7722699304598313 0.21000000000000002 -0.6403149271487133)
(0.7751663763269007 0.21000000000000002 -0.6372068440740123)
(0.7780714765019016 0.21000000000000002 -0.6340860995497001)
(0.7809852309848341 0.21000000000000002 -0.6309528221573002)
(0.7839076397756981 0.21000000000000002 -0.6278071425934676)
(0.7868387028744936 0.21000000000000002 -0.6246491936445226)
(0.7897784202812208 0.21000000000000002 -0.6214791101600734)
(0.7927267919958795 0.21000000000000002 -0.6182970290256677)
(0.7956838180184697 0.21000000000000002 -0.6151030891345743)
(0.7986494983489915 0.21000000000000002 -0.6118974313586178)
(0.8016238329874447 0.21000000000000002 -0.6086801985181544)
(0.8046068219338296 0.21000000000000002 -0.6054515353511274)
(0.8075984651881459 0.21000000000000002 -0.6022115884813085)
(0.8105987627503939 0.21000000000000002 -0.5989605063856502)
(0.8136077146205734 0.21000000000000002 -0.5956984393608303)
(0.8166253207986844 0.21000000000000002 -0.5924255394889876)
(0.819651581284727 0.21000000000000002 -0.5891419606026431)
(0.8226864960787011 0.21000000000000002 -0.5858478582488361)
(0.8257300651806068 0.21000000000000002 -0.5825433896525471)
(0.828782288590444 0.21000000000000002 -0.5792287136793349)
(0.8318431663082128 0.21000000000000002 -0.5759039907972863)
(0.8349126983339131 0.21000000000000002 -0.5725693830382547)
(0.837990884667545 0.21000000000000002 -0.5692250539584407)
(0.8410777253091084 0.21000000000000002 -0.5658711685982799)
(0.8441732202586033 0.21000000000000002 -0.5625078934417577)
(0.8472773695160298 0.21000000000000002 -0.5591353963751102)
(0.8503901730813879 0.21000000000000002 -0.5557538466448599)
(0.8535116309546774 0.21000000000000002 -0.5523634148154286)
(0.8566417431358986 0.21000000000000002 -0.548964272726115)
(0.8597805096250513 0.21000000000000002 -0.545556593447617)
(0.8629279304221354 0.21000000000000002 -0.5421405512380001)
(0.8660840055271513 0.21000000000000002 -0.5387163214983666)
(0.8692487349400986 0.21000000000000002 -0.5352840807279002)
(0.8724221186609774 0.21000000000000002 -0.5318440064786512)
(0.8756041566897879 0.21000000000000002 -0.5283962773098703)
(0.8787948490265298 0.21000000000000002 -0.5249410727420387)
(0.8819941956712033 0.21000000000000002 -0.5214785732105803)
(0.8852021966238084 0.21000000000000002 -0.5180089600191881)
(0.888418851884345 0.21000000000000002 -0.5145324152930565)
(0.8916441614528131 0.21000000000000002 -0.5110491219316975)
(0.8948781253292128 0.21000000000000002 -0.5075592635616437)
(0.898120743513544 0.21000000000000002 -0.5040630244889897)
(0.9013720160058067 0.21000000000000002 -0.5005605896517172)
(0.9046319428060011 0.21000000000000002 -0.49705214457191)
(0.907900523914127 0.21000000000000002 -0.4935378753079018)
(0.9111777593301844 0.21000000000000002 -0.4900179684063568)
(0.9144636490541733 0.21000000000000002 -0.48649261085423356)
(0.9177581930860939 0.21000000000000002 -0.48296199003086876)
(0.921061391425946 0.21000000000000002 -0.47942629365992656)
(0.9243732440737296 0.21000000000000002 -0.47588570976152356)
(0.9276937510294447 0.21000000000000002 -0.47234042660435305)
(0.9310229122930914 0.21000000000000002 -0.4687906326578669)
(0.9343607278646697 0.21000000000000002 -0.4652365165447558)
(0.9377071977441794 0.21000000000000002 -0.4616782669933103)
(0.9410623219316208 0.21000000000000002 -0.45811607279023925)
(0.9444261004269937 0.21000000000000002 -0.4545501227334912)
(0.9477985332302981 0.21000000000000002 -0.4509806055853879)
(0.9511796203415341 0.21000000000000002 -0.4474077100260523)
(0.9545693617607016 0.21000000000000002 -0.44383162460699843)
(0.9579677574878007 0.21000000000000002 -0.44025253770516015)
(0.9613748075228312 0.21000000000000002 -0.43667063747714335)
(0.9647905118657935 0.21000000000000002 -0.43308611181389844)
(0.9682148705166871 0.21000000000000002 -0.42949914829574243)
(0.9716478834755125 0.21000000000000002 -0.4259099341477721)
(0.9750895507422692 0.21000000000000002 -0.42231865619576614)
(0.9785398723169575 0.21000000000000002 -0.418725500822374)
(0.9819988481995774 0.21000000000000002 -0.4151306539240064)
(0.9854664783901288 0.21000000000000002 -0.411534300867922)
(0.9889427628886118 0.21000000000000002 -0.4079366264501581)
(0.9924277016950264 0.21000000000000002 -0.4043378148536317)
(0.9959212948093724 0.21000000000000002 -0.4007380496070846)
(0.9994235422316501 0.21000000000000002 -0.3971375135443914)
(1.0029344439618593 0.21000000000000002 -0.39353638876456154)
(1.006454 0.21000000000000002 -0.39353638876456154)
(0.7 0.23 -0.727157592950035)
(0.7026188633381898 0.23 -0.7248001785568082)
(0.7052456792283317 0.23 -0.7224314922978649)
(0.7078804476704257 0.23 -0.7200515837541843)
(0.7105231686644715 0.23 -0.7176605038746114)
(0.7131738422104694 0.23 -0.7152583049739508)
(0.7158324683084194 0.23 -0.7128450407306354)
(0.7184990469583213 0.23 -0.7104207661839891)
(0.7211735781601754 0.23 -0.7079855377310543)
(0.7238560619139812 0.23 -0.7055394131230017)
(0.7265464982197393 0.23 -0.7030824514611183)
(0.7292448870774493 0.23 -0.70061471319236)
(0.7319512284871112 0.23 -0.6981362601044886)
(0.7346655224487252 0.23 -0.6956471553207777)
(0.7373877689622912 0.23 -0.6931474632942782)
(0.7401179680278093 0.23 -0.6906372498016735)
(0.7428561196452793 0.23 -0.688116581936698)
(0.7456022238147013 0.23 -0.6855855281031257)
(0.7483562805360754 0.23 -0.6830441580073353)
(0.7511182898094014 0.23 -0.6804925426504461)
(0.7538882516346795 0.23 -0.6779307543200259)
(0.7566661660119096 0.23 -0.6753588665813893)
(0.7594520329410918 0.23 -0.6727769542684424)
(0.7622458524222259 0.23 -0.6701850934741491)
(0.7650476244553119 0.23 -0.6675833615405348)
(0.7678573490403501 0.23 -0.664971837048318)
(0.7706750261773402 0.23 -0.6623505998060719)
(0.7735006558662824 0.23 -0.6597197308390477)
(0.7763342381071765 0.23 -0.6570793123775215)
(0.7791757729000227 0.23 -0.6544294278447793)
(0.7820252602448209 0.23 -0.6517701618446967)
(0.784882700141571 0.23 -0.6491016001488756)
(0.7877480925902732 0.23 -0.6464238296834961)
(0.7906214375909275 0.23 -0.6437369385156428)
(0.7935027351435338 0.23 -0.6410410158393541)
(0.796391985248092 0.23 -0.6383361519612469)
(0.7992891879046021 0.23 -0.6356224382857887)
(0.8021943431130645 0.23 -0.6328999673001614)
(0.8051074508734787 0.23 -0.6301688325588233)
(0.808028511185845 0.23 -0.6274291286676792)
(0.8109575240501632 0.23 -0.6246809512678714)
(0.8138944894664335 0.23 -0.6219243970193172)
(0.8168394074346558 0.23 -0.619159563583812)
(0.8197922779548301 0.23 -0.6163865496078584)
(0.8227531010269564 0.23 -0.6136054547051423)
(0.8257218766510348 0.23 -0.6108163794387382)
(0.8286986048270651 0.23 -0.6080194253029546)
(0.8316832855550474 0.23 -0.6052146947048871)
(0.8346759188349818 0.23 -0.6024022909457347)
(0.8376765046668682 0.23 -0.5995823182017205)
(0.8406850430507066 0.23 -0.5967548815048825)
(0.843701533986497 0.23 -0.593920086723425)
(0.8467259774742394 0.23 -0.5910780405419941)
(0.8497583735139338 0.23 -0.5882288504415217)
(0.8527987221055802 0.23 -0.5853726246789723)
(0.8558470232491786 0.23 -0.5825094722667677)
(0.8589032769447291 0.23 -0.5796395029520186)
(0.8619674831922316 0.23 -0.5767628271955503)
(0.865039641991686 0.23 -0.5738795561506754)
(0.8681197533430925 0.23 -0.5709898016418575)
(0.871207817246451 0.23 -0.5680936761430936)
(0.8743038337017615 0.23 -0.5651912927561554)
(0.877407802709024 0.23 -0.5622827651886981)
(0.8805197242682385 0.23 -0.5593682077321522)
(0.883639598379405 0.23 -0.5564477352395321)
(0.8867674250425236 0.23 -0.5535214631030111)
(0.8899032042575942 0.23 -0.5505895072314737)
(0.8930469360246167 0.23 -0.5476519840279072)
(0.8961986203435912 0.23 -0.544709010366649)
(0.8993582572145178 0.23 -0.5417607035705981)
(0.9025258466373964 0.23 -0.5388071813882916)
(0.905701388612227 0.23 -0.5358485619709289)
(0.9088848831390096 0.23 -0.532884963849369)
(0.9120763302177443 0.23 -0.5299165059109295)
(0.9152757298484309 0.23 -0.5269433073763351)
(0.9184830820310695 0.23 -0.5239654877764611)
(0.9216983867656602 0.23 -0.5209831669291837)
(0.9249216440522028 0.23 -0.5179964649160782)
(0.9281528538906975 0.23 -0.5150055020592648)
(0.9313920162811442 0.23 -0.5120103988981191)
(0.9346391312235429 0.23 -0.5090112761661025)
(0.9378941987178935 0.23 -0.5060082547675129)
(0.9411572187641963 0.23 -0.5030014557544322)
(0.9444281913624509 0.23 -0.49999100030350074)
(0.9477071165126577 0.23 -0.49697700969295205)
(0.9509939942148165 0.23 -0.49395960527958727)
(0.9542888244689272 0.23 -0.490938908475832)
(0.9575916072749899 0.23 -0.4879150407269571)
(0.9609023426330048 0.23 -0.4848881234882922)
(0.9642210305429715 0.23 -0.4818582782026257)
(0.9675476710048903 0.23 -0.47882562627763353)
(0.9708822640187611 0.23 -0.4757902890635018)
(0.974224809584584 0.23 -0.47275238783063367)
(0.9775753077023588 0.23 -0.4697120437475146)
(0.9809337583720856 0.23 -0.46666937785871154)
(0.9843001615937644 0.23 -0.46362451106303193)
(0.9876745173673953 0.23 -0.4605775640918709)
(0.9910568256929781 0.23 -0.4575286574876492)
(0.9944470865705131 0.23 -0.45447791158254464)
(0.9978452999999998 0.23 -0.45447791158254464)
(0.7 0.25 -0.7435541220880816)
(0.7025453351730984 0.25 -0.7415764617677514)
(0.7050979138460655 0.25 -0.7395906354797942)
(0.7076577360189013 0.25 -0.7375966766890368)
(0.7102248016916058 0.25 -0.7355946195868738)
(0.7127991108641791 0.25 -0.7335844990895805)
(0.7153806635366212 0.25 -0.7315663508364663)
(0.717969459708932 0.25 -0.7295402111878548)
(0.7205654993811116 0.25 -0.7275061172228987)
(0.7231687825531599 0.25 -0.725464106737229)
(0.7257793092250769 0.25 -0.7234142182404384)
(0.7283970793968627 0.25 -0.7213564909533873)
(0.7310220930685172 0.25 -0.7192909648053578)
(0.7336543502400404 0.25 -0.7172176804310259)
(0.7362938509114324 0.25 -0.7151366791672753)
(0.7389405950826932 0.25 -0.7130480030498401)
(0.7415945827538226 0.25 -0.7109516948097875)
(0.7442558139248209 0.25 -0.7088477978698151)
(0.7469242885956878 0.25 -0.7067363563404139)
(0.7496000067664236 0.25 -0.7046174150158397)
(0.752282968437028 0.25 -0.7024910193699186)
(0.7549731736075012 0.25 -0.7003572155517251)
(0.7576706222778431 0.25 -0.6982160503810335)
(0.7603753144480537 0.25 -0.6960675713436782)
(0.7630872501181332 0.25 -0.6939118265866995)
(0.7658064292880813 0.25 -0.6917488649133479)
(0.7685328519578982 0.25 -0.6895787357779264)
(0.7712665181275837 0.25 -0.6874014892804879)
(0.7740074277971382 0.25 -0.6852171761613605)
(0.7767555809665613 0.25 -0.6830258477955076)
(0.7795109776358531 0.25 -0.6808275561867584)
(0.7822736178050137 0.25 -0.6786223539618669)
(0.785043501474043 0.25 -0.6764102943644402)
(0.7878206286429411 0.25 -0.674191431248679)
(0.7906049993117079 0.25 -0.6719658190730065)
(0.7933966134803435 0.25 -0.669733512893542)
(0.7961954711488477 0.25 -0.6674945683574082)
(0.7990015723172208 0.25 -0.6652490416959337)
(0.8018149169854626 0.25 -0.6629969897176715)
(0.8046355051535731 0.25 -0.6607384698013103)
(0.8074633368215524 0.25 -0.6584735398884358)
(0.8102984119894003 0.25 -0.6562022584761619)
(0.8131407306571171 0.25 -0.6539246846096263)
(0.8159902928247026 0.25 -0.6516408778743391)
(0.8188470984921568 0.25 -0.6493508983884474)
(0.8217111476594797 0.25 -0.647054806794822)
(0.8245824403266715 0.25 -0.6447526642530649)
(0.827460976493732 0.25 -0.6424445324313494)
(0.830346756160661 0.25 -0.640130473498179)
(0.8332397793274591 0.25 -0.637810550114047)
(0.8361400459941257 0.25 -0.6354848254229023)
(0.8390475561606611 0.25 -0.6331533630435876)
(0.8419623098270652 0.25 -0.6308162270611402)
(0.844884306993338 0.25 -0.628473482017979)
(0.8478135476594797 0.25 -0.6261251929049916)
(0.8507500318254901 0.25 -0.6237714251525339)
(0.8536937594913693 0.25 -0.6214122446213252)
(0.8566447306571171 0.25 -0.6190477175932392)
(0.8596029453227336 0.25 -0.6166779107620375)
(0.8625684034882191 0.25 -0.6143028912239574)
(0.8655411051535731 0.25 -0.6119227264682928)
(0.8685210503187959 0.25 -0.6095374843678352)
(0.8715082389838875 0.25 -0.607147233169218)
(0.8745026711488477 0.25 -0.6047520414832857)
(0.8775043468136768 0.25 -0.6023519782752818)
(0.8805132659783745 0.25 -0.5999471128550089)
(0.8835294286429412 0.25 -0.5975375148669535)
(0.8865528348073763 0.25 -0.5951232542803133)
(0.8895834844716803 0.25 -0.5927044013789396)
(0.8926213776358531 0.25 -0.5902810267513391)
(0.8956665142998946 0.25 -0.5878532012804256)
(0.8987188944638048 0.25 -0.5854209961334584)
(0.9017785181275838 0.25 -0.5829844827517461)
(0.9048453852912315 0.25 -0.580543732840382)
(0.907919495954748 0.25 -0.5780988183579668)
(0.9110008501181331 0.25 -0.5756498115062437)
(0.9140894477813871 0.25 -0.5731967847197416)
(0.9171852889445097 0.25 -0.5707398106553285)
(0.9202883736075012 0.25 -0.5682789621818666)
(0.9233987017703613 0.25 -0.565814312369658)
(0.9265162734330903 0.25 -0.5633459344800655)
(0.9296410885956878 0.25 -0.5608739019549701)
(0.9327731472581542 0.25 -0.5583982884063192)
(0.9359124494204893 0.25 -0.5559191676055769)
(0.9390589950826932 0.25 -0.5534366134732436)
(0.9422127842447658 0.25 -0.5509507000683591)
(0.9453738169067072 0.25 -0.5484615015779547)
(0.9485420930685172 0.25 -0.5459690923065713)
(0.9517176127301961 0.25 -0.5434735466657665)
(0.9549003758917436 0.25 -0.5409749391636557)
(0.9580903825531599 0.25 -0.5384733443943462)
(0.961287632714445 0.25 -0.5359688370276169)
(0.9644921263755988 0.25 -0.5334614917984094)
(0.9677038635366213 0.25 -0.5309513834964166)
(0.9709228441975125 0.25 -0.5284385869557583)
(0.9741490683582725 0.25 -0.5259231770445958)
(0.9773825360189012 0.25 -0.5234052286548195)
(0.9806232471793987 0.25 -0.5208848166918251)
(0.9838712018397651 0.25 -0.5183620160641688)
(0.9871264 0.25 -0.5183620160641688)
(0.7 0.27 -0.7650770911131137)
(0.7024514759278344 0.27 -0.7634657313385631)
(0.7049094662203658 0.27 -0.7618486197537315)
(0.707373970877594 0.27 -0.7602257771869392)
(0.709844989899519 0.27 -0.7585972248272015)
(0.7123225232861409 0.27 -0.7569629842232347)
(0.7148065710374596 0.27 -0.7553230772824092)
(0.7172971331534752 0.27 -0.753677526269643)
(0.7197942096341876 0.27 -0.7520263538062288)
(0.7222978004795969 0.27 -0.7503695828686097)
(0.724807905689703 0.27 -0.7487072367870962)
(0.7273245252645059 0.27 -0.7470393392445105)
(0.7298476592040056 0.27 -0.7453659142747922)
(0.7323773075082023 0.27 -0.7436869862615283)
(0.7349134701770957 0.27 -0.7420025799364324)
(0.7374561472106861 0.27 -0.7403127203777602)
(0.7400053386089732 0.27 -0.7386174330086768)
(0.7425610443719572 0.27 -0.7369167435955426)
(0.7451232644996381 0.27 -0.7352106782461789)
(0.7476919989920157 0.27 -0.7334992634080314)
(0.7502672478490903 0.27 -0.7317825258663114)
(0.7528490110708616 0.27 -0.7300604927420639)
(0.7554372886573298 0.27 -0.7283331914901678)
(0.7580320806084948 0.27 -0.7266006498973155)
(0.7606333869243567 0.27 -0.7248628960798874)
(0.7632412076049154 0.27 -0.7231199584818151)
(0.7658555426501711 0.27 -0.7213718658723478)
(0.7684763920601234 0.27 -0.7196186473438144)
(0.7711037558347728 0.27 -0.7178603323092616)
(0.7737376339741189 0.27 -0.7160969505001138)
(0.7763780264781618 0.27 -0.7143285319637028)
(0.7790249333469016 0.27 -0.7125551070608175)
(0.7816783545803382 0.27 -0.7107767064631458)
(0.7843382901784717 0.27 -0.7089933611506732)
(0.787004740141302 0.27 -0.7072051024090632)
(0.7896777044688291 0.27 -0.7054119618269309)
(0.7923571831610531 0.27 -0.7036139712931225)
(0.7950431762179739 0.27 -0.7018111629938973)
(0.7977356836395917 0.27 -0.7000035694100774)
(0.8004347054259062 0.27 -0.6981912233141747)
(0.8031402415769175 0.27 -0.6963741577673946)
(0.8058522920926258 0.27 -0.6945524061167029)
(0.8085708569730309 0.27 -0.6927260019917151)
(0.8112959362181327 0.27 -0.6908949793016527)
(0.8140275298279315 0.27 -0.6890593722321829)
(0.8167656378024271 0.27 -0.6872192152422462)
(0.8195102601416195 0.27 -0.6853745430608151)
(0.8222613968455088 0.27 -0.6835253906836295)
(0.8250190479140949 0.27 -0.6816717933698686)
(0.8277832133473778 0.27 -0.6798137866388124)
(0.8305538931453577 0.27 -0.6779514062664219)
(0.8333310873080343 0.27 -0.6760846882818673)
(0.8361147958354078 0.27 -0.6742136689641225)
(0.838905018727478 0.27 -0.6723383848383567)
(0.8417017559842452 0.27 -0.6704588726724303)
(0.8445050076057092 0.27 -0.6685751694732246)
(0.8473147735918701 0.27 -0.6666873124830838)
(0.8501310539427278 0.27 -0.6647953391760884)
(0.8529538486582824 0.27 -0.662899287254362)
(0.8557831577385338 0.27 -0.6609991946442819)
(0.8586189811834819 0.27 -0.6590950994927735)
(0.8614613189931271 0.27 -0.6571870401634129)
(0.864310171167469 0.27 -0.6552750552326626)
(0.8671655377065077 0.27 -0.6533591834859227)
(0.8700274186102432 0.27 -0.6514394639136513)
(0.8728958138786758 0.27 -0.649515935707431)
(0.8757707235118051 0.27 -0.6475886382559903)
(0.8786521475096312 0.27 -0.6456576111412309)
(0.881540085872154 0.27 -0.6437228941341469)
(0.8844345385993739 0.27 -0.6417845271908762)
(0.8873355056912906 0.27 -0.6398425504485051)
(0.8902429871479041 0.27 -0.6378970042210962)
(0.8931569829692143 0.27 -0.6359479289954617)
(0.8960774931552216 0.27 -0.6339953654271079)
(0.8990045177059256 0.27 -0.6320393543359928)
(0.9019380566213264 0.27 -0.6300799367024182)
(0.9048781099014241 0.27 -0.6281171536627624)
(0.9078246775462187 0.27 -0.6261510465053233)
(0.91077775955571 0.27 -0.6241816566660091)
(0.9137373559298984 0.27 -0.6222090257241585)
(0.9167034666687834 0.27 -0.6202331953982172)
(0.9196760917723654 0.27 -0.61825420754148)
(0.9226552312406442 0.27 -0.6162721041377882)
(0.9256408850736197 0.27 -0.6142869272972317)
(0.9286330532712922 0.27 -0.612298719251793)
(0.9316317358336614 0.27 -0.6103075223510903)
(0.9346369327607276 0.27 -0.6083133790579557)
(0.9376486440524906 0.27 -0.6063163319441515)
(0.9406668697089504 0.27 -0.6043164236859697)
(0.9436916097301071 0.27 -0.6023136970599132)
(0.9467228641159606 0.27 -0.6003081949383011)
(0.9497606328665109 0.27 -0.5982999602849278)
(0.9528049159817581 0.27 -0.5962890361506453)
(0.9558557134617021 0.27 -0.5942754656690328)
(0.958913025306343 0.27 -0.5922592920520117)
(0.9619768515156807 0.27 -0.5902405585854392)
(0.9650471920897152 0.27 -0.5882193086247658)
(0.9681240470284467 0.27 -0.5861955855906967)
(0.9712074163318749 0.27 -0.5841694329646965)
(0.9742973 0.27 -0.5841694329646965)
(0.7 0.29000000000000004 -0.7910959486540134)
(0.7023376517541143 0.29000000000000004 -0.7898288753461798)
(0.7046810611821811 0.29000000000000004 -0.7885578938838392)
(0.7070302282842001 0.29000000000000004 -0.7872830161091192)
(0.7093851530601716 0.29000000000000004 -0.786004254029072)
(0.7117458355100953 0.29000000000000004 -0.7847216198152125)
(0.7141122756339713 0.29000000000000004 -0.7834351258030465)
(0.7164844734317996 0.29000000000000004 -0.7821447844915764)
(0.7188624289035802 0.29000000000000004 -0.7808506085427841)
(0.7212461420493131 0.29000000000000004 -0.7795526107811084)
(0.7236356128689984 0.29000000000000004 -0.7782508041928857)
(0.726030841362636 0.29000000000000004 -0.7769452019257869)
(0.7284318275302258 0.29000000000000004 -0.7756358172882346)
(0.730838571371768 0.29000000000000004 -0.7743226637487879)
(0.7332510728872625 0.29000000000000004 -0.7730057549355337)
(0.7356693320767094 0.29000000000000004 -0.7716851046354244)
(0.7380933489401085 0.29000000000000004 -0.770360726793648)
(0.7405231234774599 0.29000000000000004 -0.7690326355129211)
(0.7429586556887636 0.29000000000000004 -0.7677008450528106)
(0.7453999455740197 0.29000000000000004 -0.7663653698290118)
(0.7478469931332281 0.29000000000000004 -0.7650262244126264)
(0.7502997983663888 0.29000000000000004 -0.7636834235294024)
(0.7527583612735018 0.29000000000000004 -0.7623369820589714)
(0.7552226818545671 0.29000000000000004 -0.7609869150340688)
(0.7576927601095848 0.29000000000000004 -0.7596332376397161)
(0.7601685960385547 0.29000000000000004 -0.7582759652124254)
(0.762650189641477 0.29000000000000004 -0.7569151132393346)
(0.7651375409183515 0.29000000000000004 -0.755550697357378)
(0.7676306498691785 0.29000000000000004 -0.7541827333523955)
(0.7701295164939577 0.29000000000000004 -0.7528112371582483)
(0.7726341407926891 0.29000000000000004 -0.7514362248559263)
(0.7751445227653729 0.29000000000000004 -0.7500577126726085)
(0.7776606624120092 0.29000000000000004 -0.7486757169807314)
(0.7801825597325975 0.29000000000000004 -0.7472902542970339)
(0.7827102147271383 0.29000000000000004 -0.7459013412815781)
(0.7852436273956314 0.29000000000000004 -0.7445089947367693)
(0.7877827977380768 0.29000000000000004 -0.7431132316063515)
(0.7903277257544745 0.29000000000000004 -0.7417140689743713)
(0.7928784114448245 0.29000000000000004 -0.7403115240641626)
(0.7954348548091269 0.29000000000000004 -0.7389056142372813)
(0.7979970558473816 0.29000000000000004 -0.737496356992427)
(0.8005650145595885 0.29000000000000004 -0.7360837699643876)
(0.8031387309457477 0.29000000000000004 -0.7346678709229137)
(0.8057182050058593 0.29000000000000004 -0.7332486777716193)
(0.8083034367399232 0.29000000000000004 -0.7318262085468374)
(0.8108944261479395 0.29000000000000004 -0.7304004814165035)
(0.8134911732299079 0.29000000000000004 -0.7289715146789655)
(0.8160936779858288 0.29000000000000004 -0.7275393267618202)
(0.818701940415702 0.29000000000000004 -0.7261039362207434)
(0.8213159605195274 0.29000000000000004 -0.7246653617382646)
(0.8239357382973052 0.29000000000000004 -0.723223622122574)
(0.8265612737490353 0.29000000000000004 -0.7217787363062438)
(0.8291925668747178 0.29000000000000004 -0.7203307233450791)
(0.8318296176743525 0.29000000000000004 -0.718879602416758)
(0.8344724261479395 0.29000000000000004 -0.7174253928196183)
(0.8371209922954788 0.29000000000000004 -0.7159681139713671)
(0.8397753161169705 0.29000000000000004 -0.714507785407794)
(0.8424353976124144 0.29000000000000004 -0.7130444267814329)
(0.8451012367818107 0.29000000000000004 -0.7115780578602566)
(0.8477728336251593 0.29000000000000004 -0.7101086985263839)
(0.8504501881424602 0.29000000000000004 -0.7086363687746441)
(0.8531333003337135 0.29000000000000004 -0.707161088711333)
(0.8558221701989189 0.29000000000000004 -0.705682878552733)
(0.8585167977380768 0.29000000000000004 -0.7042017586238235)
(0.861217182951187 0.29000000000000004 -0.7027177493568516)
(0.8639233258382495 0.29000000000000004 -0.7012308712899157)
(0.8666352263992643 0.29000000000000004 -0.6997411450655854)
(0.8693528846342313 0.29000000000000004 -0.6982485914294666)
(0.8720763005431508 0.29000000000000004 -0.6967532312287513)
(0.8748054741260225 0.29000000000000004 -0.695255085410818)
(0.8775404053828465 0.29000000000000004 -0.693754175021722)
(0.8802810943136229 0.29000000000000004 -0.6922505212047934)
(0.8830275409183516 0.29000000000000004 -0.6907441451991062)
(0.8857797451970325 0.29000000000000004 -0.6892350683380617)
(0.8885377071496658 0.29000000000000004 -0.6877233120478159)
(0.8913014267762515 0.29000000000000004 -0.6862088978459034)
(0.8940709040767894 0.29000000000000004 -0.6846918473395712)
(0.8968461390512796 0.29000000000000004 -0.6831721822244405)
(0.8996271316997222 0.29000000000000004 -0.681649924282823)
(0.902413882022117 0.29000000000000004 -0.6801250953823151)
(0.9052063900184641 0.29000000000000004 -0.6785977174741791)
(0.9080046556887637 0.29000000000000004 -0.677067812591846)
(0.9108086790330154 0.29000000000000004 -0.6755354028493434)
(0.9136184600512196 0.29000000000000004 -0.6740005104397493)
(0.9164339987433759 0.29000000000000004 -0.6724631576336049)
(0.9192552951094848 0.29000000000000004 -0.6709233667773821)
(0.9220823491495458 0.29000000000000004 -0.6693811602918808)
(0.9249151608635592 0.29000000000000004 -0.6678365606706357)
(0.9277537302515249 0.29000000000000004 -0.6662895904783738)
(0.9305980573134428 0.29000000000000004 -0.6647402723493694)
(0.9334481420493131 0.29000000000000004 -0.6631886289859203)
(0.9363039844591358 0.29000000000000004 -0.6616346831565999)
(0.9391655845429108 0.29000000000000004 -0.6600784576948885)
(0.9420329423006379 0.29000000000000004 -0.6585199754972895)
(0.9449060577323175 0.29000000000000004 -0.6569592595219288)
(0.9477849308379493 0.29000000000000004 -0.6553963327868716)
(0.9506695616175336 0.29000000000000004 -0.6538312183684387)
(0.9535599500710701 0.29000000000000004 -0.6522639393996561)
(0.9564560961985589 0.29000000000000004 -0.6506945190685949)
(0.9593579999999999 0.29000000000000004 -0.6506945190685949)
(0.7 0.31000000000000005 -0.8207516355712065)
(0.7022039916111052 0.31000000000000005 -0.8197991561783509)
(0.7044129540180261 0.31000000000000005 -0.8188441471659982)
(0.7066268872207622 0.31000000000000005 -0.8178866145736122)
(0.7088457912193137 0.31000000000000005 -0.8169265645084983)
(0.7110696660136807 0.31000000000000005 -0.8159640031456354)
(0.7132985116038632 0.31000000000000005 -0.8149989367274972)
(0.7155323279898609 0.31000000000000005 -0.8140313715638804)
(0.7177711151716741 0.31000000000000005 -0.81306131403171)
(0.7200148731493028 0.31000000000000005 -0.8120887705748586)
(0.7222636019227469 0.31000000000000005 -0.8111137477039483)
(0.7245173014920063 0.31000000000000005 -0.8101362519961515)
(0.7267759718570812 0.31000000000000005 -0.8091562900949886)
(0.7290396130179715 0.31000000000000005 -0.8081738687101165)
(0.7313082249746772 0.31000000000000005 -0.8071889946171199)
(0.7335818077271983 0.31000000000000005 -0.8062016746572834)
(0.7358603612755348 0.31000000000000005 -0.8052119157373827)
(0.7381438856196867 0.31000000000000005 -0.8042197248294409)
(0.7404323807596541 0.31000000000000005 -0.8032251089705068)
(0.7427258466954368 0.31000000000000005 -0.8022280752624134)
(0.7450242834270351 0.31000000000000005 -0.8012286308715313)
(0.7473276909544486 0.31000000000000005 -0.8002267830285356)
(0.7496360692776777 0.31000000000000005 -0.7992225390281321)
(0.7519494183967221 0.31000000000000005 -0.7982159062288215)
(0.754267738311582 0.31000000000000005 -0.7972068920526285)
(0.7565910290222572 0.31000000000000005 -0.7961955039848353)
(0.7589192905287478 0.31000000000000005 -0.7951817495737157)
(0.7612525228310539 0.31000000000000005 -0.7941656364302586)
(0.7635907259291754 0.31000000000000005 -0.7931471722278832)
(0.7659338998231123 0.31000000000000005 -0.7921263647021641)
(0.7682820445128647 0.31000000000000005 -0.7911032216505318)
(0.7706351599984325 0.31000000000000005 -0.7900777509319994)
(0.7729932462798156 0.31000000000000005 -0.7890499604668332)
(0.7753563033570142 0.31000000000000005 -0.7880198582362771)
(0.7777243312300282 0.31000000000000005 -0.7869874522822383)
(0.7800973298988576 0.31000000000000005 -0.78595275070698)
(0.7824752993635024 0.31000000000000005 -0.7849157616727914)
(0.7848582396239626 0.31000000000000005 -0.7838764934016801)
(0.7872461506802382 0.31000000000000005 -0.7828349541750597)
(0.7896390325323293 0.31000000000000005 -0.7817911523333886)
(0.7920368851802357 0.31000000000000005 -0.7807450962758707)
(0.7944397086239576 0.31000000000000005 -0.7796967944600997)
(0.7968475028634949 0.31000000000000005 -0.7786462554017295)
(0.7992602678988476 0.31000000000000005 -0.7775934876741101)
(0.8016780037300157 0.31000000000000005 -0.7765384999079703)
(0.8041007103569993 0.31000000000000005 -0.7754813007910202)
(0.8065283877797983 0.31000000000000005 -0.7744218990676551)
(0.8089610359984126 0.31000000000000005 -0.7733603035385203)
(0.8113986550128424 0.31000000000000005 -0.7722965230601998)
(0.8138412448230876 0.31000000000000005 -0.7712305665448462)
(0.8162888054291482 0.31000000000000005 -0.7701624429597624)
(0.8187413368310242 0.31000000000000005 -0.7690921613270737)
(0.8211988390287156 0.31000000000000005 -0.7680197307233183)
(0.8236613120222225 0.31000000000000005 -0.7669451602790773)
(0.8261287558115448 0.31000000000000005 -0.7658684591785816)
(0.8286011703966825 0.31000000000000005 -0.7647896366592962)
(0.8310785557776356 0.31000000000000005 -0.7637087020115888)
(0.8335609119544041 0.31000000000000005 -0.7626256645782326)
(0.8360482389269879 0.31000000000000005 -0.7615405337540996)
(0.8385405366953873 0.31000000000000005 -0.7604533189857025)
(0.841037805259602 0.31000000000000005 -0.7593640297707839)
(0.8435400446196322 0.31000000000000005 -0.7582726756579028)
(0.8460472547754778 0.31000000000000005 -0.7571792662460711)
(0.8485594357271388 0.31000000000000005 -0.7560838111842149)
(0.8510765874746151 0.31000000000000005 -0.7549863201709032)
(0.853598710017907 0.31000000000000005 -0.7538868029537867)
(0.8561258033570143 0.31000000000000005 -0.7527852693292236)
(0.8586578674919368 0.31000000000000005 -0.7516817291418888)
(0.8611949024226749 0.31000000000000005 -0.750576192284219)
(0.8637369081492283 0.31000000000000005 -0.7494686686961076)
(0.8662838846715972 0.31000000000000005 -0.7483591683643811)
(0.8688358319897815 0.31000000000000005 -0.7472477013223345)
(0.8713927501037813 0.31000000000000005 -0.7461342776493644)
(0.8739546390135964 0.31000000000000005 -0.7450189074704477)
(0.8765214987192269 0.31000000000000005 -0.7439016009557045)
(0.879093329220673 0.31000000000000005 -0.7427823683199485)
(0.8816701305179343 0.31000000000000005 -0.7416612198222143)
(0.884251902611011 0.31000000000000005 -0.7405381657653072)
(0.8868386454999033 0.31000000000000005 -0.7394132164953344)
(0.8894303591846109 0.31000000000000005 -0.7382863824012079)
(0.8920270436651339 0.31000000000000005 -0.737157673914211)
(0.8946286989414723 0.31000000000000005 -0.7360271015075261)
(0.8972353250136262 0.31000000000000005 -0.7348946756956912)
(0.8998469218815954 0.31000000000000005 -0.7337604070342187)
(0.9024634895453801 0.31000000000000005 -0.7326243061190358)
(0.9050850280049803 0.31000000000000005 -0.7314863835860335)
(0.9077115372603958 0.31000000000000005 -0.7303466501105825)
(0.9103430173116267 0.31000000000000005 -0.7292051164070261)
(0.912979468158673 0.31000000000000005 -0.7280617932282142)
(0.9156208898015348 0.31000000000000005 -0.7269166913649745)
(0.9182672822402119 0.31000000000000005 -0.7257698216456528)
(0.9209186454747045 0.31000000000000005 -0.7246211949356103)
(0.9235749795050125 0.31000000000000005 -0.7234708221366939)
(0.9262362843311359 0.31000000000000005 -0.7223187141867832)
(0.9289025599530747 0.31000000000000005 -0.7211648820592056)
(0.931573806370829 0.31000000000000005 -0.7200093367623746)
(0.9342500235843987 0.31000000000000005 -0.7188520893390834)
(0.9369312115937837 0.31000000000000005 -0.7176931508662185)
(0.9396173703989842 0.31000000000000005 -0.71653253245406)
(0.9423085 0.31000000000000005 -0.71653253245406)
(0.7 0.33 -0.8529314672943172)
(0.7020504358985009 0.33 -0.8522571144875074)
(0.7041050267436207 0.33 -0.8515812338675088)
(0.7061637725353596 0.33 -0.8509038281100794)
(0.7082266732737172 0.33 -0.8502248999151159)
(0.7102937289586939 0.33 -0.8495444520066079)
(0.7123649395902895 0.33 -0.8488624871325842)
(0.714440305168504 0.33 -0.8481790080650621)
(0.7165198256933374 0.33 -0.8474940175999959)
(0.7186035011647897 0.33 -0.8468075185572238)
(0.7206913315828609 0.33 -0.8461195137804127)
(0.7227833169475512 0.33 -0.8454300061369995)
(0.7248794572588603 0.33 -0.8447389985181458)
(0.7269797525167883 0.33 -0.8440464938386616)
(0.7290842027213352 0.33 -0.8433524950369673)
(0.7311928078725012 0.33 -0.8426570050750185)
(0.733305567970286 0.33 -0.8419600269382527)
(0.7354224830146897 0.33 -0.8412615636355262)
(0.7375435530057124 0.33 -0.8405616181990547)
(0.739668777943354 0.33 -0.8398601936843413)
(0.7417981578276145 0.33 -0.8391572931701172)
(0.7439316926584939 0.33 -0.8384529197582824)
(0.7460693824359923 0.33 -0.8377470765738243)
(0.7482112271601096 0.33 -0.8370397667647618)
(0.7503572268308458 0.33 -0.8363309935020774)
(0.752507381448201 0.33 -0.8356207599796305)
(0.7546616910121751 0.33 -0.8349090694141147)
(0.756820155522768 0.33 -0.8341959250449601)
(0.75898277497998 0.33 -0.8334813301342758)
(0.7611495493838109 0.33 -0.8327652879667732)
(0.7633204787342606 0.33 -0.8320478018496837)
(0.7654955630313293 0.33 -0.8313288751126973)
(0.7676748022750169 0.33 -0.8306085111078735)
(0.7698581964653235 0.33 -0.8298867132095774)
(0.7720457456022489 0.33 -0.8291634848143737)
(0.7742374496857933 0.33 -0.8284388293409874)
(0.7764333087159567 0.33 -0.8277127502301911)
(0.7786333226927389 0.33 -0.8269852509447392)
(0.7808374916161401 0.33 -0.8262563349692752)
(0.7830458154861603 0.33 -0.8255260058102633)
(0.7852582943027993 0.33 -0.8247942669958869)
(0.7874749280660572 0.33 -0.8240611220759877)
(0.7896957167759341 0.33 -0.8233265746219407)
(0.7919206604324299 0.33 -0.8225906282266183)
(0.7941497590355446 0.33 -0.8218532865042548)
(0.7963830125852782 0.33 -0.8211145530903828)
(0.7986204210816309 0.33 -0.8203744316417525)
(0.8008619845246023 0.33 -0.8196329258362078)
(0.8031077029141928 0.33 -0.8188900393726357)
(0.8053575762504022 0.33 -0.818145775970833)
(0.8076116045332304 0.33 -0.8174001393714472)
(0.8098697877626777 0.33 -0.8166531333358729)
(0.8121321259387437 0.33 -0.8159047616461321)
(0.8143986190614289 0.33 -0.8151550281048316)
(0.8166692671307328 0.33 -0.8144039365349939)
(0.8189440701466557 0.33 -0.8136514907800385)
(0.8212230281091976 0.33 -0.8128976947036237)
(0.8235061410183583 0.33 -0.8121425521895705)
(0.825793408874138 0.33 -0.8113860671417753)
(0.8280848316765366 0.33 -0.810628243484062)
(0.8303804094255541 0.33 -0.8098690851601554)
(0.8326801421211907 0.33 -0.8091085961335207)
(0.834984029763446 0.33 -0.8083467803872427)
(0.8372920723523203 0.33 -0.8075836419240113)
(0.8396042698878136 0.33 -0.8068191847659218)
(0.8419206223699257 0.33 -0.80605341295443)
(0.8442411297986568 0.33 -0.805286330550193)
(0.8465657921740068 0.33 -0.804517941633034)
(0.8488946094959757 0.33 -0.8037482503017559)
(0.8512275817645636 0.33 -0.8029772606741009)
(0.8535647089797704 0.33 -0.8022049768865838)
(0.8559059911415962 0.33 -0.801431403094414)
(0.8582514282500407 0.33 -0.8006565434713954)
(0.8606010203051044 0.33 -0.7998804022097812)
(0.8629547673067869 0.33 -0.7991029835201697)
(0.8653126692550883 0.33 -0.7983242916314265)
(0.8676747261500086 0.33 -0.7975443307905133)
(0.8700409379915479 0.33 -0.7967631052624199)
(0.8724113047797061 0.33 -0.7959806193300358)
(0.8747858265144832 0.33 -0.7951968772940101)
(0.8771645031958792 0.33 -0.7944118834726818)
(0.8795473348238942 0.33 -0.7936256422019056)
(0.8819343213985281 0.33 -0.7928381578349978)
(0.884325462919781 0.33 -0.7920494347425545)
(0.8867207593876527 0.33 -0.7912594773123672)
(0.8891202108021434 0.33 -0.7904682899493177)
(0.891523817163253 0.33 -0.7896758770752169)
(0.8939315784709815 0.33 -0.7888822431286838)
(0.8963434947253289 0.33 -0.7880873925650936)
(0.8987595659262954 0.33 -0.7872913298563622)
(0.9011797920738807 0.33 -0.7864940594908841)
(0.9036041731680848 0.33 -0.7856955859733827)
(0.906032709208908 0.33 -0.7848959138247977)
(0.9084654001963501 0.33 -0.7840950475821324)
(0.9109022461304112 0.33 -0.7832929917984102)
(0.913343247011091 0.33 -0.7824897510424123)
(0.9157884028383899 0.33 -0.7816853298986794)
(0.9182377136123077 0.33 -0.7808797329673017)
(0.9206911793328443 0.33 -0.7800729648638647)
(0.9231488 0.33 -0.7800729648638647)
(0.7 0.35 -0.8862446155681845)
(0.701876827430019 0.35 -0.8858061453164338)
(0.7037569681942841 0.35 -0.8853668449796221)
(0.7056404222927954 0.35 -0.8849267155295117)
(0.707527189725553 0.35 -0.8844857579447863)
(0.7094172704925565 0.35 -0.8840439732110433)
(0.7113106645938063 0.35 -0.8836013623207813)
(0.7132073720293023 0.35 -0.8831579262733892)
(0.7151073927990445 0.35 -0.8827136660751371)
(0.7170107269030327 0.35 -0.8822685827391649)
(0.7189173743412671 0.35 -0.8818226772854699)
(0.7208273351137477 0.35 -0.8813759507408969)
(0.7227406092204745 0.35 -0.8809284041391264)
(0.7246571966614473 0.35 -0.8804800385206634)
(0.7265770974366664 0.35 -0.8800308549328233)
(0.7285003115461317 0.35 -0.879580854429725)
(0.7304268389898431 0.35 -0.8791300380722739)
(0.7323566797678006 0.35 -0.8786784069281501)
(0.7342898338800044 0.35 -0.8782259620718039)
(0.7362263013264542 0.35 -0.8777727045844286)
(0.7381660821071503 0.35 -0.8773186355539613)
(0.7401091762220924 0.35 -0.8768637560750626)
(0.7420555836712808 0.35 -0.876408067249112)
(0.7440053044547152 0.35 -0.8759515701841788)
(0.7459583385723959 0.35 -0.8754942659950279)
(0.7479146860243228 0.35 -0.8750361558030908)
(0.7498743468104958 0.35 -0.8745772407364643)
(0.7518373209309149 0.35 -0.8741175219298848)
(0.7538036083855802 0.35 -0.8736570005247271)
(0.7557732091744916 0.35 -0.8731956776689783)
(0.7577461232976492 0.35 -0.8727335545172324)
(0.759722350755053 0.35 -0.8722706322306715)
(0.761701891546703 0.35 -0.871806911977053)
(0.7636847456725991 0.35 -0.8713423949306925)
(0.7656709131327414 0.35 -0.8708770822724587)
(0.7676603939271298 0.35 -0.8704109751897374)
(0.7696531880557643 0.35 -0.8699440748764421)
(0.7716492955186451 0.35 -0.869476382532979)
(0.773648716315772 0.35 -0.8690078993662445)
(0.775651450447145 0.35 -0.8685386265896007)
(0.7776574979127643 0.35 -0.8680685654228585)
(0.7796668587126296 0.35 -0.8675977170922831)
(0.7816795328467412 0.35 -0.867126082830538)
(0.7836955203150988 0.35 -0.8666536638767113)
(0.7857148211177027 0.35 -0.8661804614762743)
(0.7877374352545528 0.35 -0.8657064768810694)
(0.7897633627256488 0.35 -0.8652317113492946)
(0.7917926035309912 0.35 -0.8647561661454916)
(0.7938251576705797 0.35 -0.8642798425405281)
(0.7958610251444144 0.35 -0.8638027418115595)
(0.7979002059524951 0.35 -0.8633248652420548)
(0.7999427000948222 0.35 -0.8628462141217421)
(0.8019885075713953 0.35 -0.8623667897465999)
(0.8040376283822146 0.35 -0.8618865934188492)
(0.80609006252728 0.35 -0.8614056264469254)
(0.8081458100065916 0.35 -0.8609238901454793)
(0.8102048708201494 0.35 -0.8604413858353174)
(0.8122672449679533 0.35 -0.8599581148434392)
(0.8143329324500034 0.35 -0.8594740785029736)
(0.8164019332662996 0.35 -0.8589892781531852)
(0.818474247416842 0.35 -0.8585037151394479)
(0.8205498749016306 0.35 -0.85801739081322)
(0.8226288157206653 0.35 -0.8575303065320422)
(0.8247110698739462 0.35 -0.8570424636595025)
(0.8267966373614732 0.35 -0.8565538635652297)
(0.8288855181832464 0.35 -0.8560645076248559)
(0.8309777123392658 0.35 -0.8555743972200198)
(0.8330732198295313 0.35 -0.8550835337383377)
(0.835172040654043 0.35 -0.8545919185733698)
(0.8372741748128008 0.35 -0.8540995531246273)
(0.8393796223058049 0.35 -0.8536064387975325)
(0.841488383133055 0.35 -0.8531125770034144)
(0.8436004572945512 0.35 -0.85261796915946)
(0.8457158447902937 0.35 -0.8521226166887274)
(0.8478345456202824 0.35 -0.8516265210201122)
(0.8499565597845172 0.35 -0.8511296835883143)
(0.8520818872829982 0.35 -0.8506321058338595)
(0.8542105281157253 0.35 -0.8501337892030014)
(0.8563424822826985 0.35 -0.8496347351477889)
(0.858477749783918 0.35 -0.849134945125982)
(0.8606163306193836 0.35 -0.8486344206010605)
(0.8627582247890953 0.35 -0.8481331630421883)
(0.8649034322930532 0.35 -0.8476311739242218)
(0.8670519531312573 0.35 -0.847128454727625)
(0.8692037873037075 0.35 -0.8466250069385173)
(0.8713589348104038 0.35 -0.8461208320486304)
(0.8735173956513465 0.35 -0.8456159315552546)
(0.8756791698265352 0.35 -0.845110306961243)
(0.8778442573359699 0.35 -0.8446039597750075)
(0.880012658179651 0.35 -0.8440968915104488)
(0.8821843723575782 0.35 -0.843589103687013)
(0.8843593998697515 0.35 -0.8430805978295424)
(0.8865377407161711 0.35 -0.8425713754683974)
(0.8887193948968367 0.35 -0.8420614381393214)
(0.8909043624117485 0.35 -0.8415507873834882)
(0.8930926432609065 0.35 -0.8410394247474268)
(0.8952842374443106 0.35 -0.8405273517830677)
(0.897479144961961 0.35 -0.8400145700476269)
(0.8996773658138574 0.35 -0.8395010811036466)
(0.9018789 0.35 -0.8395010811036466)
(	1.1	0.15	-0.7186474376569263)
(	1.102693307	0.15	-0.7148408562701076)
(	1.105397535	0.15	-0.711001055372548)
(	1.108112686	0.15	-0.7071281289454754)
(	1.110838758	0.15	-0.7032221810031516)
(	1.113575752	0.15	-0.6992833256851254)
(	1.116323667	0.15	-0.6953116873420165)
(	1.119082505	0.15	-0.6913074006145686)
(	1.121852264	0.15	-0.6872706105057788)
(	1.124632945	0.15	-0.6832014724458706)
(	1.127424548	0.15	-0.6791001523498975)
(	1.130227072	0.15	-0.6749668266677905)
(	1.133040518	0.15	-0.6708016824266331)
(	1.135864886	0.15	-0.6666049172650053)
(	1.138700176	0.15	-0.6623767394591789)
(	1.141546388	0.15	-0.6581173679410443)
(	1.144403521	0.15	-0.6538270323075853)
(	1.147271576	0.15	-0.6495059728217278)
(	1.150150553	0.15	-0.6451544404045091)
(	1.153040452	0.15	-0.6407726966183419)
(	1.155941273	0.15	-0.6363610136413596)
(	1.158853015	0.15	-0.6319196742326593)
(	1.161775679	0.15	-0.6274489716884167)
(	1.164709265	0.15	-0.6229492097888086)
(	1.167653772	0.15	-0.6184207027355716)
(	1.170609202	0.15	-0.6138637750803928)
(	1.173575553	0.15	-0.6092787616437818)
(	1.176552826	0.15	-0.6046660074247326)
(	1.17954102	0.15	-0.6000258675009422)
(	1.182540137	0.15	-0.5953587069197381)
(	1.185550175	0.15	-0.5906649005796613)
(	1.188571135	0.15	-0.5859448331028657)
(	1.191603017	0.15	-0.5811988986982622)
(	1.19464582	0.15	-0.5764275010155976)
(	1.197699546	0.15	-0.5716310529905222)
(	1.200764193	0.15	-0.5668099766807673)
(	1.203839762	0.15	-0.5619647030935687)
(	1.206926252	0.15	-0.55709567200445)
(	1.210023665	0.15	-0.5522033317675726)
(	1.213131999	0.15	-0.5472881391178537)
(	1.216251255	0.15	-0.5423505589648859)
(	1.219381433	0.15	-0.5373910641791031)
(	1.222522532	0.15	-0.532410135370237)
(	1.225674554	0.15	-0.52740826065832)
(	1.228837497	0.15	-0.5223859354376102)
(	1.232011362	0.15	-0.5173436621335127)
(	1.235196148	0.15	-0.5122819499529502)
(	1.238391857	0.15	-0.50720131462829)
(	1.241598487	0.15	-0.5021022781553669)
(	1.244816039	0.15	-0.49698536852563757)
(	1.248044512	0.15	-0.49185111945297794)
(	1.251283908	0.15	-0.4867000700954037)
(	1.254534225	0.15	-0.4815327647720399)
(	1.257795464	0.15	-0.47634975267563584)
(	1.261067625	0.15	-0.47115158758109943)
(	1.264350708	0.15	-0.4659388275503719)
(	1.267644712	0.15	-0.4607120346338267)
(	1.270949638	0.15	-0.45547177456892934)
(	1.274265486	0.15	-0.4502186164761644)
(	1.277592256	0.15	-0.44495313255283075)
(	1.280929947	0.15	-0.4396758977650302)
(	1.284278561	0.15	-0.43438748953821904)
(	1.287638096	0.15	-0.4290884874466495)
(	1.291008553	0.15	-0.4237794729022896)
(	1.294389931	0.15	-0.41846102884330844)
(	1.297782232	0.15	-0.41313373942272735)
(	1.301185454	0.15	-0.4077981896975932)
(	1.304599598	0.15	-0.40245496531890007)
(	1.308024663	0.15	-0.39710465222283275)
(	1.311460651	0.15	-0.3917478363235397)
(	1.31490756	0.15	-0.386385103207809)
(	1.318365391	0.15	-0.3810170378322386)
(	1.321834144	0.15	-0.3756442242227934)
(	1.325313818	0.15	-0.3702672451774675)
(	1.328804415	0.15	-0.36488668197241664)
(	1.332305933	0.15	-0.3595031140713748)
(	1.335818373	0.15	-0.3541171188393659)
(	1.339341734	0.15	-0.34872927126047076)
(	1.342876018	0.15	-0.34334014366014404)
(	1.346421223	0.15	-0.3379503054324654)
(	1.34997735	0.15	-0.3325603227723552)
(	1.353544399	0.15	-0.3271707584131216)
(	1.357122369	0.15	-0.3217821713697921)
(	1.360711262	0.15	-0.3163951166879766)
(	1.364311076	0.15	-0.31101014519900944)
(	1.367921812	0.15	-0.30562780328115474)
(	1.371543469	0.15	-0.3002486326273675)
(	1.375176049	0.15	-0.29487317001964297)
(	1.37881955	0.15	-0.2895019471100458)
(	1.382473973	0.15	-0.2841354902088083)
(	1.386139317	0.15	-0.2787743200793393)
(	1.389815584	0.15	-0.27341895174058145)
(	1.393502772	0.15	-0.2680698942765794)
(	1.397200882	0.15	-0.2627276506533551)
(	1.400909914	0.15	-0.2573927175434447)
(	1.404629868	0.15	-0.25206558515786986)
(	1.408360743	0.15	-0.24674673708566933)
(	1.41210254	0.15	-0.24143665014118862)
(	1.415855259	0.15	-0.2361357942190001)
(	1.4196189	0.15	-0.2361357942190001)
(	1.1	0.17	-0.7120679370697174)
(	1.102709897	0.17	-0.7085902090385285)
(	1.105429907	0.17	-0.7050864147150754)
(	1.108160031	0.17	-0.7015566509246712)
(	1.110900269	0.17	-0.6980010210553454)
(	1.11365062	0.17	-0.6944196350926429)
(	1.116411084	0.17	-0.6908126096506972)
(	1.119181663	0.17	-0.6871800679994549)
(	1.121962355	0.17	-0.6835221400879898)
(	1.12475316	0.17	-0.6798389625638069)
(	1.127554079	0.17	-0.6761306787880784)
(	1.130365112	0.17	-0.6723974388467128)
(	1.133186258	0.17	-0.6686393995571999)
(	1.136017518	0.17	-0.6648567244711819)
(	1.138858891	0.17	-0.6610495838726359)
(	1.141710378	0.17	-0.6572181547716874)
(	1.144571979	0.17	-0.653362620893927)
(	1.147443693	0.17	-0.6494831726652379)
(	1.150325521	0.17	-0.6455800071920651)
(	1.153217462	0.17	-0.6416533282370976)
(	1.156119517	0.17	-0.6377033461903171)
(	1.159031686	0.17	-0.6337302780354417)
(	1.161953968	0.17	-0.6297343473116542)
(	1.164886363	0.17	-0.6257157840706778)
(	1.167828873	0.17	-0.621674824829181)
(	1.170781496	0.17	-0.6176117125164667)
(	1.173744232	0.17	-0.6135266964174678)
(	1.176717082	0.17	-0.6094200321111333)
(	1.179700046	0.17	-0.6052919814040809)
(	1.182693123	0.17	-0.6011428122596556)
(	1.185696314	0.17	-0.5969727987223787)
(	1.188709618	0.17	-0.5927822208378535)
(	1.191733036	0.17	-0.5885713645680865)
(	1.194766568	0.17	-0.5843405217023845)
(	1.197810213	0.17	-0.5800899897638292)
(	1.200863972	0.17	-0.5758200719113395)
(	1.203927844	0.17	-0.5715310768375135)
(	1.20700183	0.17	-0.5672233186621953)
(	1.21008593	0.17	-0.5628971168219364)
(	1.213180143	0.17	-0.5585527959553758)
(	1.21628447	0.17	-0.5541906857846907)
(	1.21939891	0.17	-0.5498111209931634)
(	1.222523464	0.17	-0.5454144410989868)
(	1.225658131	0.17	-0.5410009903254409)
(	1.228802913	0.17	-0.5365711174674834)
(	1.231957807	0.17	-0.532125175754993)
(	1.235122816	0.17	-0.5276635227126512)
(	1.238297937	0.17	-0.523186520016703)
(	1.241483173	0.17	-0.5186945333486506)
(	1.244678522	0.17	-0.5141879322461013)
(	1.247883984	0.17	-0.5096670899508016)
(	1.251099561	0.17	-0.5051323832541263)
(	1.254325251	0.17	-0.5005841923400602)
(	1.257561054	0.17	-0.4960229006259151)
(	1.260806971	0.17	-0.4914488946008491)
(	1.264063001	0.17	-0.48686256366244623)
(	1.267329146	0.17	-0.4822642999514779)
(	1.270605403	0.17	-0.47765449818488204)
(	1.273891775	0.17	-0.47303355548740655)
(	1.27718826	0.17	-0.4684018712217732)
(	1.280494858	0.17	-0.4637598468178082)
(	1.28381157	0.17	-0.45910788560042365)
(	1.287138396	0.17	-0.45444639261692926)
(	1.290475335	0.17	-0.44977577446353245)
(	1.293822388	0.17	-0.44509643911154967)
(	1.297179555	0.17	-0.44040879573304137)
(	1.300546835	0.17	-0.43571325452654963)
(	1.303924228	0.17	-0.4310102265427238)
(	1.307311736	0.17	-0.4263001235101426)
(	1.310709356	0.17	-0.4215833576615657)
(	1.314117091	0.17	-0.4168603415605942)
(	1.317534939	0.17	-0.4121314879292043)
(	1.3209629	0.17	-0.40739720947586316)
(	1.324400976	0.17	-0.40265791872492734)
(	1.327849164	0.17	-0.397914027847057)
(	1.331307467	0.17	-0.39316594849088426)
(	1.334775883	0.17	-0.3884140916163684)
(	1.338254412	0.17	-0.38365886732952625)
(	1.341743055	0.17	-0.3789006847191089)
(	1.345241812	0.17	-0.3741399516950508)
(	1.348750682	0.17	-0.3693770748290169)
(	1.352269666	0.17	-0.3646124591970707)
(	1.355798764	0.17	-0.3598465082247699)
(	1.359337975	0.17	-0.35507962353437994)
(	1.362887299	0.17	-0.35031220479502795)
(	1.366446738	0.17	-0.34554464957510306)
(	1.370016289	0.17	-0.3407773531977931)
(	1.373595955	0.17	-0.3360107085990523)
(	1.377185734	0.17	-0.3312451061890082)
(	1.380785627	0.17	-0.326480933716005)
(	1.384395633	0.17	-0.32171857613402843)
(	1.388015753	0.17	-0.3169584154732978)
(	1.391645986	0.17	-0.31220083071409577)
(	1.395286333	0.17	-0.3074461976640707)
(	1.398936793	0.17	-0.30269488883889506)
(	1.402597368	0.17	-0.2979472733465071)
(	1.406268055	0.17	-0.29320371677477786)
(	1.409948857	0.17	-0.2884645810829739)
(	1.413639772	0.17	-0.28373022449671953)
(	1.4173408	0.17	-0.28373022449671953)
(	1.1	0.19	-0.7112597065954769)
(	1.102702157	0.19	-0.7081412960670582)
(	1.105413681	0.19	-0.7050027934108009)
(	1.108134572	0.19	-0.70184428403048)
(	1.11086483	0.19	-0.698665857422281)
(	1.113604454	0.19	-0.6954676071842838)
(	1.116353446	0.19	-0.6922496310239862)
(	1.119111805	0.19	-0.6890120307638143)
(	1.12187953	0.19	-0.6857549123446036)
(	1.124656623	0.19	-0.6824783858270305)
(	1.127443082	0.19	-0.6791825653909414)
(	1.130238908	0.19	-0.6758675693325946)
(	1.133044101	0.19	-0.6725335200597489)
(	1.135858662	0.19	-0.6691805440846204)
(	1.138682589	0.19	-0.6658087720146626)
(	1.141515883	0.19	-0.6624183385411501)
(	1.144358544	0.19	-0.6590093824255916)
(	1.147210571	0.19	-0.655582046483904)
(	1.150071966	0.19	-0.6521364775683666)
(	1.152942728	0.19	-0.6486728265473691)
(	1.155822856	0.19	-0.6451912482828932)
(	1.158712352	0.19	-0.6416919016057837)
(	1.161611214	0.19	-0.63817494928876)
(	1.164519444	0.19	-0.6346405580172035)
(	1.16743704	0.19	-0.631088898357684)
(	1.170364003	0.19	-0.6275201447242964)
(	1.173300334	0.19	-0.6239344753427508)
(	1.176246031	0.19	-0.6203320722122424)
(	1.179201095	0.19	-0.6167131210651662)
(	1.182165526	0.19	-0.6130778113245818)
(	1.185139323	0.19	-0.6094263360595823)
(	1.188122488	0.19	-0.6057588919384936)
(	1.19111502	0.19	-0.6020756791799138)
(	1.194116919	0.19	-0.5983769015017253)
(	1.197128184	0.19	-0.594662766067979)
(	1.200148817	0.19	-0.5909334834337513)
(	1.203178816	0.19	-0.5871892674880368)
(	1.206218182	0.19	-0.5834303353945816)
(	1.209266916	0.19	-0.5796569075308499)
(	1.212325016	0.19	-0.5758692074250693)
(	1.215392483	0.19	-0.5720674616914059)
(	1.218469317	0.19	-0.568251899963302)
(	1.221555518	0.19	-0.5644227548251278)
(	1.224651086	0.19	-0.560580261742003)
(	1.227756021	0.19	-0.5567246589879772)
(	1.230870322	0.19	-0.5528561875726407)
(	1.233993991	0.19	-0.5489750911660768)
(	1.237127027	0.19	-0.5450816160223292)
(	1.240269429	0.19	-0.541176010901462)
(	1.243421199	0.19	-0.5372585269900898)
(	1.246582335	0.19	-0.5333294178206661)
(	1.249752838	0.19	-0.5293889391894808)
(	1.252932708	0.19	-0.5254373490733344)
(	1.256121946	0.19	-0.5214749075451988)
(	1.25932055	0.19	-0.517501876688635)
(	1.262528521	0.19	-0.513518520511293)
(	1.265745859	0.19	-0.5095251048573808)
(	1.268972563	0.19	-0.5055218973192687)
(	1.272208635	0.19	-0.5015091671482376)
(	1.275454074	0.19	-0.49748718516449925)
(	1.278708879	0.19	-0.49345622366650527)
(	1.281973052	0.19	-0.4894165563396518)
(	1.285246591	0.19	-0.4853684581643784)
(	1.288529498	0.19	-0.48131220532394503)
(	1.291821771	0.19	-0.4772480751115417)
(	1.295123411	0.19	-0.473176345837356)
(	1.298434419	0.19	-0.469097296735191)
(	1.301754793	0.19	-0.4650112078688765)
(	1.305084534	0.19	-0.46091836003873676)
(	1.308423642	0.19	-0.45681903468780083)
(	1.311772117	0.19	-0.4527135138081977)
(	1.315129958	0.19	-0.4486020798475203)
(	1.318497167	0.19	-0.44448501561548465)
(	1.321873743	0.19	-0.440362604190663)
(	1.325259685	0.19	-0.43623512882766996)
(	1.328654995	0.19	-0.43210287286463)
(	1.332059671	0.19	-0.4279661196310712)
(	1.335473714	0.19	-0.42382515235642465)
(	1.338897125	0.19	-0.419680254078943)
(	1.342329902	0.19	-0.41553170755539065)
(	1.345772046	0.19	-0.41137979517132917)
(	1.349223557	0.19	-0.40722479885221047)
(	1.352684435	0.19	-0.403066999975275)
(	1.35615468	0.19	-0.3989066792823555)
(	1.359634292	0.19	-0.39474411679346916)
(	1.36312327	0.19	-0.3905795917216931)
(	1.366621616	0.19	-0.386413382388753)
(	1.370129329	0.19	-0.38224576614190203)
(	1.373646408	0.19	-0.3780770192719673)
(	1.377172855	0.19	-0.37390741693243806)
(	1.380708668	0.19	-0.3697372330599367)
(	1.384253848	0.19	-0.3655667402959448)
(	1.387808396	0.19	-0.3613962099098624)
(	1.39137231	0.19	-0.35722591172333396)
(	1.394945591	0.19	-0.35305611403629567)
(	1.398528239	0.19	-0.34888708355405906)
(	1.402120254	0.19	-0.3447190853162059)
(	1.405721636	0.19	-0.3405523826269563)
(	1.409332384	0.19	-0.3363872369869401)
(	1.4129525	0.19	-0.3363872369869401)
(	1.1	0.21	-0.71631282881019)
(	1.102671434	0.21	-0.7135716815787132)
(	1.105351522	0.21	-0.7108153322081214)
(	1.108040265	0.21	-0.7080438485871806)
(	1.110737661	0.21	-0.70525730103377)
(	1.113443712	0.21	-0.7024557622951728)
(	1.116158418	0.21	-0.6996393075474183)
(	1.118881777	0.21	-0.6968080143936601)
(	1.121613792	0.21	-0.6939619628615931)
(	1.12435446	0.21	-0.691101235399891)
(	1.127103782	0.21	-0.6882259168736629)
(	1.129861759	0.21	-0.6853360945589266)
(	1.132628391	0.21	-0.682431858136075)
(	1.135403676	0.21	-0.6795132996823563)
(	1.138187616	0.21	-0.6765805136633548)
(	1.14098021	0.21	-0.673633596923441)
(	1.143781459	0.21	-0.6706726486752435)
(	1.146591362	0.21	-0.6676977704880845)
(	1.149409919	0.21	-0.6647090662754266)
(	1.15223713	0.21	-0.6617066422812877)
(	1.155072996	0.21	-0.658690607065645)
(	1.157917516	0.21	-0.6556610714888546)
(	1.16077069	0.21	-0.6526181486950253)
(	1.163632519	0.21	-0.6495619540944076)
(	1.166503002	0.21	-0.6464926053447946)
(	1.169382139	0.21	-0.6434102223318895)
(	1.17226993	0.21	-0.6403149271487133)
(	1.175166376	0.21	-0.6372068440740123)
(	1.178071477	0.21	-0.6340860995497001)
(	1.180985231	0.21	-0.6309528221573002)
(	1.18390764	0.21	-0.6278071425934676)
(	1.186838703	0.21	-0.6246491936445226)
(	1.18977842	0.21	-0.6214791101600734)
(	1.192726792	0.21	-0.6182970290256677)
(	1.195683818	0.21	-0.6151030891345743)
(	1.198649498	0.21	-0.6118974313586178)
(	1.201623833	0.21	-0.6086801985181544)
(	1.204606822	0.21	-0.6054515353511274)
(	1.207598465	0.21	-0.6022115884813085)
(	1.210598763	0.21	-0.5989605063856502)
(	1.213607715	0.21	-0.5956984393608303)
(	1.216625321	0.21	-0.5924255394889876)
(	1.219651581	0.21	-0.5891419606026431)
(	1.222686496	0.21	-0.5858478582488361)
(	1.225730065	0.21	-0.5825433896525471)
(	1.228782289	0.21	-0.5792287136793349)
(	1.231843166	0.21	-0.5759039907972863)
(	1.234912698	0.21	-0.5725693830382547)
(	1.237990885	0.21	-0.5692250539584407)
(	1.241077725	0.21	-0.5658711685982799)
(	1.24417322	0.21	-0.5625078934417577)
(	1.24727737	0.21	-0.5591353963751102)
(	1.250390173	0.21	-0.5557538466448599)
(	1.253511631	0.21	-0.5523634148154286)
(	1.256641743	0.21	-0.548964272726115)
(	1.25978051	0.21	-0.545556593447617)
(	1.26292793	0.21	-0.5421405512380001)
(	1.266084006	0.21	-0.5387163214983666)
(	1.269248735	0.21	-0.5352840807279002)
(	1.272422119	0.21	-0.5318440064786512)
(	1.275604157	0.21	-0.5283962773098703)
(	1.278794849	0.21	-0.5249410727420387)
(	1.281994196	0.21	-0.5214785732105803)
(	1.285202197	0.21	-0.5180089600191881)
(	1.288418852	0.21	-0.5145324152930565)
(	1.291644161	0.21	-0.5110491219316975)
(	1.294878125	0.21	-0.5075592635616437)
(	1.298120744	0.21	-0.5040630244889897)
(	1.301372016	0.21	-0.5005605896517172)
(	1.304631943	0.21	-0.49705214457191)
(	1.307900524	0.21	-0.4935378753079018)
(	1.311177759	0.21	-0.4900179684063568)
(	1.314463649	0.21	-0.48649261085423356)
(	1.317758193	0.21	-0.48296199003086876)
(	1.321061391	0.21	-0.47942629365992656)
(	1.324373244	0.21	-0.47588570976152356)
(	1.327693751	0.21	-0.47234042660435305)
(	1.331022912	0.21	-0.4687906326578669)
(	1.334360728	0.21	-0.4652365165447558)
(	1.337707198	0.21	-0.4616782669933103)
(	1.341062322	0.21	-0.45811607279023925)
(	1.3444261	0.21	-0.4545501227334912)
(	1.347798533	0.21	-0.4509806055853879)
(	1.35117962	0.21	-0.4474077100260523)
(	1.354569362	0.21	-0.44383162460699843)
(	1.357967757	0.21	-0.44025253770516015)
(	1.361374808	0.21	-0.43667063747714335)
(	1.364790512	0.21	-0.43308611181389844)
(	1.368214871	0.21	-0.42949914829574243)
(	1.371647883	0.21	-0.4259099341477721)
(	1.375089551	0.21	-0.42231865619576614)
(	1.378539872	0.21	-0.418725500822374)
(	1.381998848	0.21	-0.4151306539240064)
(	1.385466478	0.21	-0.411534300867922)
(	1.388942763	0.21	-0.4079366264501581)
(	1.392427702	0.21	-0.4043378148536317)
(	1.395921295	0.21	-0.4007380496070846)
(	1.399423542	0.21	-0.3971375135443914)
(	1.402934444	0.21	-0.39353638876456154)
(	1.406454	0.21	-0.39353638876456154)
(	1.1	0.23	-0.727157592950035)
(	1.102618863	0.23	-0.7248001785568082)
(	1.105245679	0.23	-0.7224314922978649)
(	1.107880448	0.23	-0.7200515837541843)
(	1.110523169	0.23	-0.7176605038746114)
(	1.113173842	0.23	-0.7152583049739508)
(	1.115832468	0.23	-0.7128450407306354)
(	1.118499047	0.23	-0.7104207661839891)
(	1.121173578	0.23	-0.7079855377310543)
(	1.123856062	0.23	-0.7055394131230017)
(	1.126546498	0.23	-0.7030824514611183)
(	1.129244887	0.23	-0.70061471319236)
(	1.131951228	0.23	-0.6981362601044886)
(	1.134665522	0.23	-0.6956471553207777)
(	1.137387769	0.23	-0.6931474632942782)
(	1.140117968	0.23	-0.6906372498016735)
(	1.14285612	0.23	-0.688116581936698)
(	1.145602224	0.23	-0.6855855281031257)
(	1.148356281	0.23	-0.6830441580073353)
(	1.15111829	0.23	-0.6804925426504461)
(	1.153888252	0.23	-0.6779307543200259)
(	1.156666166	0.23	-0.6753588665813893)
(	1.159452033	0.23	-0.6727769542684424)
(	1.162245852	0.23	-0.6701850934741491)
(	1.165047624	0.23	-0.6675833615405348)
(	1.167857349	0.23	-0.664971837048318)
(	1.170675026	0.23	-0.6623505998060719)
(	1.173500656	0.23	-0.6597197308390477)
(	1.176334238	0.23	-0.6570793123775215)
(	1.179175773	0.23	-0.6544294278447793)
(	1.18202526	0.23	-0.6517701618446967)
(	1.1848827	0.23	-0.6491016001488756)
(	1.187748093	0.23	-0.6464238296834961)
(	1.190621438	0.23	-0.6437369385156428)
(	1.193502735	0.23	-0.6410410158393541)
(	1.196391985	0.23	-0.6383361519612469)
(	1.199289188	0.23	-0.6356224382857887)
(	1.202194343	0.23	-0.6328999673001614)
(	1.205107451	0.23	-0.6301688325588233)
(	1.208028511	0.23	-0.6274291286676792)
(	1.210957524	0.23	-0.6246809512678714)
(	1.213894489	0.23	-0.6219243970193172)
(	1.216839407	0.23	-0.619159563583812)
(	1.219792278	0.23	-0.6163865496078584)
(	1.222753101	0.23	-0.6136054547051423)
(	1.225721877	0.23	-0.6108163794387382)
(	1.228698605	0.23	-0.6080194253029546)
(	1.231683286	0.23	-0.6052146947048871)
(	1.234675919	0.23	-0.6024022909457347)
(	1.237676505	0.23	-0.5995823182017205)
(	1.240685043	0.23	-0.5967548815048825)
(	1.243701534	0.23	-0.593920086723425)
(	1.246725977	0.23	-0.5910780405419941)
(	1.249758374	0.23	-0.5882288504415217)
(	1.252798722	0.23	-0.5853726246789723)
(	1.255847023	0.23	-0.5825094722667677)
(	1.258903277	0.23	-0.5796395029520186)
(	1.261967483	0.23	-0.5767628271955503)
(	1.265039642	0.23	-0.5738795561506754)
(	1.268119753	0.23	-0.5709898016418575)
(	1.271207817	0.23	-0.5680936761430936)
(	1.274303834	0.23	-0.5651912927561554)
(	1.277407803	0.23	-0.5622827651886981)
(	1.280519724	0.23	-0.5593682077321522)
(	1.283639598	0.23	-0.5564477352395321)
(	1.286767425	0.23	-0.5535214631030111)
(	1.289903204	0.23	-0.5505895072314737)
(	1.293046936	0.23	-0.5476519840279072)
(	1.29619862	0.23	-0.544709010366649)
(	1.299358257	0.23	-0.5417607035705981)
(	1.302525847	0.23	-0.5388071813882916)
(	1.305701389	0.23	-0.5358485619709289)
(	1.308884883	0.23	-0.532884963849369)
(	1.31207633	0.23	-0.5299165059109295)
(	1.31527573	0.23	-0.5269433073763351)
(	1.318483082	0.23	-0.5239654877764611)
(	1.321698387	0.23	-0.5209831669291837)
(	1.324921644	0.23	-0.5179964649160782)
(	1.328152854	0.23	-0.5150055020592648)
(	1.331392016	0.23	-0.5120103988981191)
(	1.334639131	0.23	-0.5090112761661025)
(	1.337894199	0.23	-0.5060082547675129)
(	1.341157219	0.23	-0.5030014557544322)
(	1.344428191	0.23	-0.49999100030350074)
(	1.347707117	0.23	-0.49697700969295205)
(	1.350993994	0.23	-0.49395960527958727)
(	1.354288824	0.23	-0.490938908475832)
(	1.357591607	0.23	-0.4879150407269571)
(	1.360902343	0.23	-0.4848881234882922)
(	1.364221031	0.23	-0.4818582782026257)
(	1.367547671	0.23	-0.47882562627763353)
(	1.370882264	0.23	-0.4757902890635018)
(	1.37422481	0.23	-0.47275238783063367)
(	1.377575308	0.23	-0.4697120437475146)
(	1.380933758	0.23	-0.46666937785871154)
(	1.384300162	0.23	-0.46362451106303193)
(	1.387674517	0.23	-0.4605775640918709)
(	1.391056826	0.23	-0.4575286574876492)
(	1.394447087	0.23	-0.45447791158254464)
(	1.3978453	0.23	-0.45447791158254464)
(	1.1	0.25	-0.7435541220880816)
(	1.102545335	0.25	-0.7415764617677514)
(	1.105097914	0.25	-0.7395906354797942)
(	1.107657736	0.25	-0.7375966766890368)
(	1.110224802	0.25	-0.7355946195868738)
(	1.112799111	0.25	-0.7335844990895805)
(	1.115380664	0.25	-0.7315663508364663)
(	1.11796946	0.25	-0.7295402111878548)
(	1.120565499	0.25	-0.7275061172228987)
(	1.123168783	0.25	-0.725464106737229)
(	1.125779309	0.25	-0.7234142182404384)
(	1.128397079	0.25	-0.7213564909533873)
(	1.131022093	0.25	-0.7192909648053578)
(	1.13365435	0.25	-0.7172176804310259)
(	1.136293851	0.25	-0.7151366791672753)
(	1.138940595	0.25	-0.7130480030498401)
(	1.141594583	0.25	-0.7109516948097875)
(	1.144255814	0.25	-0.7088477978698151)
(	1.146924289	0.25	-0.7067363563404139)
(	1.149600007	0.25	-0.7046174150158397)
(	1.152282968	0.25	-0.7024910193699186)
(	1.154973174	0.25	-0.7003572155517251)
(	1.157670622	0.25	-0.6982160503810335)
(	1.160375314	0.25	-0.6960675713436782)
(	1.16308725	0.25	-0.6939118265866995)
(	1.165806429	0.25	-0.6917488649133479)
(	1.168532852	0.25	-0.6895787357779264)
(	1.171266518	0.25	-0.6874014892804879)
(	1.174007428	0.25	-0.6852171761613605)
(	1.176755581	0.25	-0.6830258477955076)
(	1.179510978	0.25	-0.6808275561867584)
(	1.182273618	0.25	-0.6786223539618669)
(	1.185043501	0.25	-0.6764102943644402)
(	1.187820629	0.25	-0.674191431248679)
(	1.190604999	0.25	-0.6719658190730065)
(	1.193396613	0.25	-0.669733512893542)
(	1.196195471	0.25	-0.6674945683574082)
(	1.199001572	0.25	-0.6652490416959337)
(	1.201814917	0.25	-0.6629969897176715)
(	1.204635505	0.25	-0.6607384698013103)
(	1.207463337	0.25	-0.6584735398884358)
(	1.210298412	0.25	-0.6562022584761619)
(	1.213140731	0.25	-0.6539246846096263)
(	1.215990293	0.25	-0.6516408778743391)
(	1.218847098	0.25	-0.6493508983884474)
(	1.221711148	0.25	-0.647054806794822)
(	1.22458244	0.25	-0.6447526642530649)
(	1.227460976	0.25	-0.6424445324313494)
(	1.230346756	0.25	-0.640130473498179)
(	1.233239779	0.25	-0.637810550114047)
(	1.236140046	0.25	-0.6354848254229023)
(	1.239047556	0.25	-0.6331533630435876)
(	1.24196231	0.25	-0.6308162270611402)
(	1.244884307	0.25	-0.628473482017979)
(	1.247813548	0.25	-0.6261251929049916)
(	1.250750032	0.25	-0.6237714251525339)
(	1.253693759	0.25	-0.6214122446213252)
(	1.256644731	0.25	-0.6190477175932392)
(	1.259602945	0.25	-0.6166779107620375)
(	1.262568403	0.25	-0.6143028912239574)
(	1.265541105	0.25	-0.6119227264682928)
(	1.26852105	0.25	-0.6095374843678352)
(	1.271508239	0.25	-0.607147233169218)
(	1.274502671	0.25	-0.6047520414832857)
(	1.277504347	0.25	-0.6023519782752818)
(	1.280513266	0.25	-0.5999471128550089)
(	1.283529429	0.25	-0.5975375148669535)
(	1.286552835	0.25	-0.5951232542803133)
(	1.289583484	0.25	-0.5927044013789396)
(	1.292621378	0.25	-0.5902810267513391)
(	1.295666514	0.25	-0.5878532012804256)
(	1.298718894	0.25	-0.5854209961334584)
(	1.301778518	0.25	-0.5829844827517461)
(	1.304845385	0.25	-0.580543732840382)
(	1.307919496	0.25	-0.5780988183579668)
(	1.31100085	0.25	-0.5756498115062437)
(	1.314089448	0.25	-0.5731967847197416)
(	1.317185289	0.25	-0.5707398106553285)
(	1.320288374	0.25	-0.5682789621818666)
(	1.323398702	0.25	-0.565814312369658)
(	1.326516273	0.25	-0.5633459344800655)
(	1.329641089	0.25	-0.5608739019549701)
(	1.332773147	0.25	-0.5583982884063192)
(	1.335912449	0.25	-0.5559191676055769)
(	1.339058995	0.25	-0.5534366134732436)
(	1.342212784	0.25	-0.5509507000683591)
(	1.345373817	0.25	-0.5484615015779547)
(	1.348542093	0.25	-0.5459690923065713)
(	1.351717613	0.25	-0.5434735466657665)
(	1.354900376	0.25	-0.5409749391636557)
(	1.358090383	0.25	-0.5384733443943462)
(	1.361287633	0.25	-0.5359688370276169)
(	1.364492126	0.25	-0.5334614917984094)
(	1.367703864	0.25	-0.5309513834964166)
(	1.370922844	0.25	-0.5284385869557583)
(	1.374149068	0.25	-0.5259231770445958)
(	1.377382536	0.25	-0.5234052286548195)
(	1.380623247	0.25	-0.5208848166918251)
(	1.383871202	0.25	-0.5183620160641688)
(	1.3871264	0.25	-0.5183620160641688)
(	1.1	0.27	-0.7650770911131137)
(	1.102451476	0.27	-0.7634657313385631)
(	1.104909466	0.27	-0.7618486197537315)
(	1.107373971	0.27	-0.7602257771869392)
(	1.10984499	0.27	-0.7585972248272015)
(	1.112322523	0.27	-0.7569629842232347)
(	1.114806571	0.27	-0.7553230772824092)
(	1.117297133	0.27	-0.753677526269643)
(	1.11979421	0.27	-0.7520263538062288)
(	1.1222978	0.27	-0.7503695828686097)
(	1.124807906	0.27	-0.7487072367870962)
(	1.127324525	0.27	-0.7470393392445105)
(	1.129847659	0.27	-0.7453659142747922)
(	1.132377308	0.27	-0.7436869862615283)
(	1.13491347	0.27	-0.7420025799364324)
(	1.137456147	0.27	-0.7403127203777602)
(	1.140005339	0.27	-0.7386174330086768)
(	1.142561044	0.27	-0.7369167435955426)
(	1.145123264	0.27	-0.7352106782461789)
(	1.147691999	0.27	-0.7334992634080314)
(	1.150267248	0.27	-0.7317825258663114)
(	1.152849011	0.27	-0.7300604927420639)
(	1.155437289	0.27	-0.7283331914901678)
(	1.158032081	0.27	-0.7266006498973155)
(	1.160633387	0.27	-0.7248628960798874)
(	1.163241208	0.27	-0.7231199584818151)
(	1.165855543	0.27	-0.7213718658723478)
(	1.168476392	0.27	-0.7196186473438144)
(	1.171103756	0.27	-0.7178603323092616)
(	1.173737634	0.27	-0.7160969505001138)
(	1.176378026	0.27	-0.7143285319637028)
(	1.179024933	0.27	-0.7125551070608175)
(	1.181678355	0.27	-0.7107767064631458)
(	1.18433829	0.27	-0.7089933611506732)
(	1.18700474	0.27	-0.7072051024090632)
(	1.189677704	0.27	-0.7054119618269309)
(	1.192357183	0.27	-0.7036139712931225)
(	1.195043176	0.27	-0.7018111629938973)
(	1.197735684	0.27	-0.7000035694100774)
(	1.200434705	0.27	-0.6981912233141747)
(	1.203140242	0.27	-0.6963741577673946)
(	1.205852292	0.27	-0.6945524061167029)
(	1.208570857	0.27	-0.6927260019917151)
(	1.211295936	0.27	-0.6908949793016527)
(	1.21402753	0.27	-0.6890593722321829)
(	1.216765638	0.27	-0.6872192152422462)
(	1.21951026	0.27	-0.6853745430608151)
(	1.222261397	0.27	-0.6835253906836295)
(	1.225019048	0.27	-0.6816717933698686)
(	1.227783213	0.27	-0.6798137866388124)
(	1.230553893	0.27	-0.6779514062664219)
(	1.233331087	0.27	-0.6760846882818673)
(	1.236114796	0.27	-0.6742136689641225)
(	1.238905019	0.27	-0.6723383848383567)
(	1.241701756	0.27	-0.6704588726724303)
(	1.244505008	0.27	-0.6685751694732246)
(	1.247314774	0.27	-0.6666873124830838)
(	1.250131054	0.27	-0.6647953391760884)
(	1.252953849	0.27	-0.662899287254362)
(	1.255783158	0.27	-0.6609991946442819)
(	1.258618981	0.27	-0.6590950994927735)
(	1.261461319	0.27	-0.6571870401634129)
(	1.264310171	0.27	-0.6552750552326626)
(	1.267165538	0.27	-0.6533591834859227)
(	1.270027419	0.27	-0.6514394639136513)
(	1.272895814	0.27	-0.649515935707431)
(	1.275770724	0.27	-0.6475886382559903)
(	1.278652148	0.27	-0.6456576111412309)
(	1.281540086	0.27	-0.6437228941341469)
(	1.284434539	0.27	-0.6417845271908762)
(	1.287335506	0.27	-0.6398425504485051)
(	1.290242987	0.27	-0.6378970042210962)
(	1.293156983	0.27	-0.6359479289954617)
(	1.296077493	0.27	-0.6339953654271079)
(	1.299004518	0.27	-0.6320393543359928)
(	1.301938057	0.27	-0.6300799367024182)
(	1.30487811	0.27	-0.6281171536627624)
(	1.307824678	0.27	-0.6261510465053233)
(	1.31077776	0.27	-0.6241816566660091)
(	1.313737356	0.27	-0.6222090257241585)
(	1.316703467	0.27	-0.6202331953982172)
(	1.319676092	0.27	-0.61825420754148)
(	1.322655231	0.27	-0.6162721041377882)
(	1.325640885	0.27	-0.6142869272972317)
(	1.328633053	0.27	-0.612298719251793)
(	1.331631736	0.27	-0.6103075223510903)
(	1.334636933	0.27	-0.6083133790579557)
(	1.337648644	0.27	-0.6063163319441515)
(	1.34066687	0.27	-0.6043164236859697)
(	1.34369161	0.27	-0.6023136970599132)
(	1.346722864	0.27	-0.6003081949383011)
(	1.349760633	0.27	-0.5982999602849278)
(	1.352804916	0.27	-0.5962890361506453)
(	1.355855713	0.27	-0.5942754656690328)
(	1.358913025	0.27	-0.5922592920520117)
(	1.361976852	0.27	-0.5902405585854392)
(	1.365047192	0.27	-0.5882193086247658)
(	1.368124047	0.27	-0.5861955855906967)
(	1.371207416	0.27	-0.5841694329646965)
(	1.3742973	0.27	-0.5841694329646965)
(	1.1	0.29	-0.7910959486540134)
(	1.102337652	0.29	-0.7898288753461798)
(	1.104681061	0.29	-0.7885578938838392)
(	1.107030228	0.29	-0.7872830161091192)
(	1.109385153	0.29	-0.786004254029072)
(	1.111745836	0.29	-0.7847216198152125)
(	1.114112276	0.29	-0.7834351258030465)
(	1.116484473	0.29	-0.7821447844915764)
(	1.118862429	0.29	-0.7808506085427841)
(	1.121246142	0.29	-0.7795526107811084)
(	1.123635613	0.29	-0.7782508041928857)
(	1.126030841	0.29	-0.7769452019257869)
(	1.128431828	0.29	-0.7756358172882346)
(	1.130838571	0.29	-0.7743226637487879)
(	1.133251073	0.29	-0.7730057549355337)
(	1.135669332	0.29	-0.7716851046354244)
(	1.138093349	0.29	-0.770360726793648)
(	1.140523123	0.29	-0.7690326355129211)
(	1.142958656	0.29	-0.7677008450528106)
(	1.145399946	0.29	-0.7663653698290118)
(	1.147846993	0.29	-0.7650262244126264)
(	1.150299798	0.29	-0.7636834235294024)
(	1.152758361	0.29	-0.7623369820589714)
(	1.155222682	0.29	-0.7609869150340688)
(	1.15769276	0.29	-0.7596332376397161)
(	1.160168596	0.29	-0.7582759652124254)
(	1.16265019	0.29	-0.7569151132393346)
(	1.165137541	0.29	-0.755550697357378)
(	1.16763065	0.29	-0.7541827333523955)
(	1.170129516	0.29	-0.7528112371582483)
(	1.172634141	0.29	-0.7514362248559263)
(	1.175144523	0.29	-0.7500577126726085)
(	1.177660662	0.29	-0.7486757169807314)
(	1.18018256	0.29	-0.7472902542970339)
(	1.182710215	0.29	-0.7459013412815781)
(	1.185243627	0.29	-0.7445089947367693)
(	1.187782798	0.29	-0.7431132316063515)
(	1.190327726	0.29	-0.7417140689743713)
(	1.192878411	0.29	-0.7403115240641626)
(	1.195434855	0.29	-0.7389056142372813)
(	1.197997056	0.29	-0.737496356992427)
(	1.200565015	0.29	-0.7360837699643876)
(	1.203138731	0.29	-0.7346678709229137)
(	1.205718205	0.29	-0.7332486777716193)
(	1.208303437	0.29	-0.7318262085468374)
(	1.210894426	0.29	-0.7304004814165035)
(	1.213491173	0.29	-0.7289715146789655)
(	1.216093678	0.29	-0.7275393267618202)
(	1.21870194	0.29	-0.7261039362207434)
(	1.221315961	0.29	-0.7246653617382646)
(	1.223935738	0.29	-0.723223622122574)
(	1.226561274	0.29	-0.7217787363062438)
(	1.229192567	0.29	-0.7203307233450791)
(	1.231829618	0.29	-0.718879602416758)
(	1.234472426	0.29	-0.7174253928196183)
(	1.237120992	0.29	-0.7159681139713671)
(	1.239775316	0.29	-0.714507785407794)
(	1.242435398	0.29	-0.7130444267814329)
(	1.245101237	0.29	-0.7115780578602566)
(	1.247772834	0.29	-0.7101086985263839)
(	1.250450188	0.29	-0.7086363687746441)
(	1.2531333	0.29	-0.707161088711333)
(	1.25582217	0.29	-0.705682878552733)
(	1.258516798	0.29	-0.7042017586238235)
(	1.261217183	0.29	-0.7027177493568516)
(	1.263923326	0.29	-0.7012308712899157)
(	1.266635226	0.29	-0.6997411450655854)
(	1.269352885	0.29	-0.6982485914294666)
(	1.272076301	0.29	-0.6967532312287513)
(	1.274805474	0.29	-0.695255085410818)
(	1.277540405	0.29	-0.693754175021722)
(	1.280281094	0.29	-0.6922505212047934)
(	1.283027541	0.29	-0.6907441451991062)
(	1.285779745	0.29	-0.6892350683380617)
(	1.288537707	0.29	-0.6877233120478159)
(	1.291301427	0.29	-0.6862088978459034)
(	1.294070904	0.29	-0.6846918473395712)
(	1.296846139	0.29	-0.6831721822244405)
(	1.299627132	0.29	-0.681649924282823)
(	1.302413882	0.29	-0.6801250953823151)
(	1.30520639	0.29	-0.6785977174741791)
(	1.308004656	0.29	-0.677067812591846)
(	1.310808679	0.29	-0.6755354028493434)
(	1.31361846	0.29	-0.6740005104397493)
(	1.316433999	0.29	-0.6724631576336049)
(	1.319255295	0.29	-0.6709233667773821)
(	1.322082349	0.29	-0.6693811602918808)
(	1.324915161	0.29	-0.6678365606706357)
(	1.32775373	0.29	-0.6662895904783738)
(	1.330598057	0.29	-0.6647402723493694)
(	1.333448142	0.29	-0.6631886289859203)
(	1.336303984	0.29	-0.6616346831565999)
(	1.339165585	0.29	-0.6600784576948885)
(	1.342032942	0.29	-0.6585199754972895)
(	1.344906058	0.29	-0.6569592595219288)
(	1.347784931	0.29	-0.6553963327868716)
(	1.350669562	0.29	-0.6538312183684387)
(	1.35355995	0.29	-0.6522639393996561)
(	1.356456096	0.29	-0.6506945190685949)
(	1.359358	0.29	-0.6506945190685949)
(	1.1	0.31	-0.8207516355712065)
(	1.102203992	0.31	-0.8197991561783509)
(	1.104412954	0.31	-0.8188441471659982)
(	1.106626887	0.31	-0.8178866145736122)
(	1.108845791	0.31	-0.8169265645084983)
(	1.111069666	0.31	-0.8159640031456354)
(	1.113298512	0.31	-0.8149989367274972)
(	1.115532328	0.31	-0.8140313715638804)
(	1.117771115	0.31	-0.81306131403171)
(	1.120014873	0.31	-0.8120887705748586)
(	1.122263602	0.31	-0.8111137477039483)
(	1.124517301	0.31	-0.8101362519961515)
(	1.126775972	0.31	-0.8091562900949886)
(	1.129039613	0.31	-0.8081738687101165)
(	1.131308225	0.31	-0.8071889946171199)
(	1.133581808	0.31	-0.8062016746572834)
(	1.135860361	0.31	-0.8052119157373827)
(	1.138143886	0.31	-0.8042197248294409)
(	1.140432381	0.31	-0.8032251089705068)
(	1.142725847	0.31	-0.8022280752624134)
(	1.145024283	0.31	-0.8012286308715313)
(	1.147327691	0.31	-0.8002267830285356)
(	1.149636069	0.31	-0.7992225390281321)
(	1.151949418	0.31	-0.7982159062288215)
(	1.154267738	0.31	-0.7972068920526285)
(	1.156591029	0.31	-0.7961955039848353)
(	1.158919291	0.31	-0.7951817495737157)
(	1.161252523	0.31	-0.7941656364302586)
(	1.163590726	0.31	-0.7931471722278832)
(	1.1659339	0.31	-0.7921263647021641)
(	1.168282045	0.31	-0.7911032216505318)
(	1.17063516	0.31	-0.7900777509319994)
(	1.172993246	0.31	-0.7890499604668332)
(	1.175356303	0.31	-0.7880198582362771)
(	1.177724331	0.31	-0.7869874522822383)
(	1.18009733	0.31	-0.78595275070698)
(	1.182475299	0.31	-0.7849157616727914)
(	1.18485824	0.31	-0.7838764934016801)
(	1.187246151	0.31	-0.7828349541750597)
(	1.189639033	0.31	-0.7817911523333886)
(	1.192036885	0.31	-0.7807450962758707)
(	1.194439709	0.31	-0.7796967944600997)
(	1.196847503	0.31	-0.7786462554017295)
(	1.199260268	0.31	-0.7775934876741101)
(	1.201678004	0.31	-0.7765384999079703)
(	1.20410071	0.31	-0.7754813007910202)
(	1.206528388	0.31	-0.7744218990676551)
(	1.208961036	0.31	-0.7733603035385203)
(	1.211398655	0.31	-0.7722965230601998)
(	1.213841245	0.31	-0.7712305665448462)
(	1.216288805	0.31	-0.7701624429597624)
(	1.218741337	0.31	-0.7690921613270737)
(	1.221198839	0.31	-0.7680197307233183)
(	1.223661312	0.31	-0.7669451602790773)
(	1.226128756	0.31	-0.7658684591785816)
(	1.22860117	0.31	-0.7647896366592962)
(	1.231078556	0.31	-0.7637087020115888)
(	1.233560912	0.31	-0.7626256645782326)
(	1.236048239	0.31	-0.7615405337540996)
(	1.238540537	0.31	-0.7604533189857025)
(	1.241037805	0.31	-0.7593640297707839)
(	1.243540045	0.31	-0.7582726756579028)
(	1.246047255	0.31	-0.7571792662460711)
(	1.248559436	0.31	-0.7560838111842149)
(	1.251076587	0.31	-0.7549863201709032)
(	1.25359871	0.31	-0.7538868029537867)
(	1.256125803	0.31	-0.7527852693292236)
(	1.258657867	0.31	-0.7516817291418888)
(	1.261194902	0.31	-0.750576192284219)
(	1.263736908	0.31	-0.7494686686961076)
(	1.266283885	0.31	-0.7483591683643811)
(	1.268835832	0.31	-0.7472477013223345)
(	1.27139275	0.31	-0.7461342776493644)
(	1.273954639	0.31	-0.7450189074704477)
(	1.276521499	0.31	-0.7439016009557045)
(	1.279093329	0.31	-0.7427823683199485)
(	1.281670131	0.31	-0.7416612198222143)
(	1.284251903	0.31	-0.7405381657653072)
(	1.286838645	0.31	-0.7394132164953344)
(	1.289430359	0.31	-0.7382863824012079)
(	1.292027044	0.31	-0.737157673914211)
(	1.294628699	0.31	-0.7360271015075261)
(	1.297235325	0.31	-0.7348946756956912)
(	1.299846922	0.31	-0.7337604070342187)
(	1.30246349	0.31	-0.7326243061190358)
(	1.305085028	0.31	-0.7314863835860335)
(	1.307711537	0.31	-0.7303466501105825)
(	1.310343017	0.31	-0.7292051164070261)
(	1.312979468	0.31	-0.7280617932282142)
(	1.31562089	0.31	-0.7269166913649745)
(	1.318267282	0.31	-0.7257698216456528)
(	1.320918645	0.31	-0.7246211949356103)
(	1.32357498	0.31	-0.7234708221366939)
(	1.326236284	0.31	-0.7223187141867832)
(	1.32890256	0.31	-0.7211648820592056)
(	1.331573806	0.31	-0.7200093367623746)
(	1.334250024	0.31	-0.7188520893390834)
(	1.336931212	0.31	-0.7176931508662185)
(	1.33961737	0.31	-0.71653253245406)
(	1.3423085	0.31	-0.71653253245406)
(	1.1	0.33	-0.8529314672943172)
(	1.102050436	0.33	-0.8522571144875074)
(	1.104105027	0.33	-0.8515812338675088)
(	1.106163773	0.33	-0.8509038281100794)
(	1.108226673	0.33	-0.8502248999151159)
(	1.110293729	0.33	-0.8495444520066079)
(	1.11236494	0.33	-0.8488624871325842)
(	1.114440305	0.33	-0.8481790080650621)
(	1.116519826	0.33	-0.8474940175999959)
(	1.118603501	0.33	-0.8468075185572238)
(	1.120691332	0.33	-0.8461195137804127)
(	1.122783317	0.33	-0.8454300061369995)
(	1.124879457	0.33	-0.8447389985181458)
(	1.126979753	0.33	-0.8440464938386616)
(	1.129084203	0.33	-0.8433524950369673)
(	1.131192808	0.33	-0.8426570050750185)
(	1.133305568	0.33	-0.8419600269382527)
(	1.135422483	0.33	-0.8412615636355262)
(	1.137543553	0.33	-0.8405616181990547)
(	1.139668778	0.33	-0.8398601936843413)
(	1.141798158	0.33	-0.8391572931701172)
(	1.143931693	0.33	-0.8384529197582824)
(	1.146069382	0.33	-0.8377470765738243)
(	1.148211227	0.33	-0.8370397667647618)
(	1.150357227	0.33	-0.8363309935020774)
(	1.152507381	0.33	-0.8356207599796305)
(	1.154661691	0.33	-0.8349090694141147)
(	1.156820156	0.33	-0.8341959250449601)
(	1.158982775	0.33	-0.8334813301342758)
(	1.161149549	0.33	-0.8327652879667732)
(	1.163320479	0.33	-0.8320478018496837)
(	1.165495563	0.33	-0.8313288751126973)
(	1.167674802	0.33	-0.8306085111078735)
(	1.169858196	0.33	-0.8298867132095774)
(	1.172045746	0.33	-0.8291634848143737)
(	1.17423745	0.33	-0.8284388293409874)
(	1.176433309	0.33	-0.8277127502301911)
(	1.178633323	0.33	-0.8269852509447392)
(	1.180837492	0.33	-0.8262563349692752)
(	1.183045815	0.33	-0.8255260058102633)
(	1.185258294	0.33	-0.8247942669958869)
(	1.187474928	0.33	-0.8240611220759877)
(	1.189695717	0.33	-0.8233265746219407)
(	1.19192066	0.33	-0.8225906282266183)
(	1.194149759	0.33	-0.8218532865042548)
(	1.196383013	0.33	-0.8211145530903828)
(	1.198620421	0.33	-0.8203744316417525)
(	1.200861985	0.33	-0.8196329258362078)
(	1.203107703	0.33	-0.8188900393726357)
(	1.205357576	0.33	-0.818145775970833)
(	1.207611605	0.33	-0.8174001393714472)
(	1.209869788	0.33	-0.8166531333358729)
(	1.212132126	0.33	-0.8159047616461321)
(	1.214398619	0.33	-0.8151550281048316)
(	1.216669267	0.33	-0.8144039365349939)
(	1.21894407	0.33	-0.8136514907800385)
(	1.221223028	0.33	-0.8128976947036237)
(	1.223506141	0.33	-0.8121425521895705)
(	1.225793409	0.33	-0.8113860671417753)
(	1.228084832	0.33	-0.810628243484062)
(	1.230380409	0.33	-0.8098690851601554)
(	1.232680142	0.33	-0.8091085961335207)
(	1.23498403	0.33	-0.8083467803872427)
(	1.237292072	0.33	-0.8075836419240113)
(	1.23960427	0.33	-0.8068191847659218)
(	1.241920622	0.33	-0.80605341295443)
(	1.24424113	0.33	-0.805286330550193)
(	1.246565792	0.33	-0.804517941633034)
(	1.248894609	0.33	-0.8037482503017559)
(	1.251227582	0.33	-0.8029772606741009)
(	1.253564709	0.33	-0.8022049768865838)
(	1.255905991	0.33	-0.801431403094414)
(	1.258251428	0.33	-0.8006565434713954)
(	1.26060102	0.33	-0.7998804022097812)
(	1.262954767	0.33	-0.7991029835201697)
(	1.265312669	0.33	-0.7983242916314265)
(	1.267674726	0.33	-0.7975443307905133)
(	1.270040938	0.33	-0.7967631052624199)
(	1.272411305	0.33	-0.7959806193300358)
(	1.274785827	0.33	-0.7951968772940101)
(	1.277164503	0.33	-0.7944118834726818)
(	1.279547335	0.33	-0.7936256422019056)
(	1.281934321	0.33	-0.7928381578349978)
(	1.284325463	0.33	-0.7920494347425545)
(	1.286720759	0.33	-0.7912594773123672)
(	1.289120211	0.33	-0.7904682899493177)
(	1.291523817	0.33	-0.7896758770752169)
(	1.293931578	0.33	-0.7888822431286838)
(	1.296343495	0.33	-0.7880873925650936)
(	1.298759566	0.33	-0.7872913298563622)
(	1.301179792	0.33	-0.7864940594908841)
(	1.303604173	0.33	-0.7856955859733827)
(	1.306032709	0.33	-0.7848959138247977)
(	1.3084654	0.33	-0.7840950475821324)
(	1.310902246	0.33	-0.7832929917984102)
(	1.313343247	0.33	-0.7824897510424123)
(	1.315788403	0.33	-0.7816853298986794)
(	1.318237714	0.33	-0.7808797329673017)
(	1.320691179	0.33	-0.7800729648638647)
(	1.3231488	0.33	-0.7800729648638647)
(	1.1	0.35	-0.8862446155681845)
(	1.101876827	0.35	-0.8858061453164338)
(	1.103756968	0.35	-0.8853668449796221)
(	1.105640422	0.35	-0.8849267155295117)
(	1.10752719	0.35	-0.8844857579447863)
(	1.10941727	0.35	-0.8840439732110433)
(	1.111310665	0.35	-0.8836013623207813)
(	1.113207372	0.35	-0.8831579262733892)
(	1.115107393	0.35	-0.8827136660751371)
(	1.117010727	0.35	-0.8822685827391649)
(	1.118917374	0.35	-0.8818226772854699)
(	1.120827335	0.35	-0.8813759507408969)
(	1.122740609	0.35	-0.8809284041391264)
(	1.124657197	0.35	-0.8804800385206634)
(	1.126577097	0.35	-0.8800308549328233)
(	1.128500312	0.35	-0.879580854429725)
(	1.130426839	0.35	-0.8791300380722739)
(	1.13235668	0.35	-0.8786784069281501)
(	1.134289834	0.35	-0.8782259620718039)
(	1.136226301	0.35	-0.8777727045844286)
(	1.138166082	0.35	-0.8773186355539613)
(	1.140109176	0.35	-0.8768637560750626)
(	1.142055584	0.35	-0.876408067249112)
(	1.144005304	0.35	-0.8759515701841788)
(	1.145958339	0.35	-0.8754942659950279)
(	1.147914686	0.35	-0.8750361558030908)
(	1.149874347	0.35	-0.8745772407364643)
(	1.151837321	0.35	-0.8741175219298848)
(	1.153803608	0.35	-0.8736570005247271)
(	1.155773209	0.35	-0.8731956776689783)
(	1.157746123	0.35	-0.8727335545172324)
(	1.159722351	0.35	-0.8722706322306715)
(	1.161701892	0.35	-0.871806911977053)
(	1.163684746	0.35	-0.8713423949306925)
(	1.165670913	0.35	-0.8708770822724587)
(	1.167660394	0.35	-0.8704109751897374)
(	1.169653188	0.35	-0.8699440748764421)
(	1.171649296	0.35	-0.869476382532979)
(	1.173648716	0.35	-0.8690078993662445)
(	1.17565145	0.35	-0.8685386265896007)
(	1.177657498	0.35	-0.8680685654228585)
(	1.179666859	0.35	-0.8675977170922831)
(	1.181679533	0.35	-0.867126082830538)
(	1.18369552	0.35	-0.8666536638767113)
(	1.185714821	0.35	-0.8661804614762743)
(	1.187737435	0.35	-0.8657064768810694)
(	1.189763363	0.35	-0.8652317113492946)
(	1.191792604	0.35	-0.8647561661454916)
(	1.193825158	0.35	-0.8642798425405281)
(	1.195861025	0.35	-0.8638027418115595)
(	1.197900206	0.35	-0.8633248652420548)
(	1.1999427	0.35	-0.8628462141217421)
(	1.201988508	0.35	-0.8623667897465999)
(	1.204037628	0.35	-0.8618865934188492)
(	1.206090063	0.35	-0.8614056264469254)
(	1.20814581	0.35	-0.8609238901454793)
(	1.210204871	0.35	-0.8604413858353174)
(	1.212267245	0.35	-0.8599581148434392)
(	1.214332932	0.35	-0.8594740785029736)
(	1.216401933	0.35	-0.8589892781531852)
(	1.218474247	0.35	-0.8585037151394479)
(	1.220549875	0.35	-0.85801739081322)
(	1.222628816	0.35	-0.8575303065320422)
(	1.22471107	0.35	-0.8570424636595025)
(	1.226796637	0.35	-0.8565538635652297)
(	1.228885518	0.35	-0.8560645076248559)
(	1.230977712	0.35	-0.8555743972200198)
(	1.23307322	0.35	-0.8550835337383377)
(	1.235172041	0.35	-0.8545919185733698)
(	1.237274175	0.35	-0.8540995531246273)
(	1.239379622	0.35	-0.8536064387975325)
(	1.241488383	0.35	-0.8531125770034144)
(	1.243600457	0.35	-0.85261796915946)
(	1.245715845	0.35	-0.8521226166887274)
(	1.247834546	0.35	-0.8516265210201122)
(	1.24995656	0.35	-0.8511296835883143)
(	1.252081887	0.35	-0.8506321058338595)
(	1.254210528	0.35	-0.8501337892030014)
(	1.256342482	0.35	-0.8496347351477889)
(	1.25847775	0.35	-0.849134945125982)
(	1.260616331	0.35	-0.8486344206010605)
(	1.262758225	0.35	-0.8481331630421883)
(	1.264903432	0.35	-0.8476311739242218)
(	1.267051953	0.35	-0.847128454727625)
(	1.269203787	0.35	-0.8466250069385173)
(	1.271358935	0.35	-0.8461208320486304)
(	1.273517396	0.35	-0.8456159315552546)
(	1.27567917	0.35	-0.845110306961243)
(	1.277844257	0.35	-0.8446039597750075)
(	1.280012658	0.35	-0.8440968915104488)
(	1.282184372	0.35	-0.843589103687013)
(	1.2843594	0.35	-0.8430805978295424)
(	1.286537741	0.35	-0.8425713754683974)
(	1.288719395	0.35	-0.8420614381393214)
(	1.290904362	0.35	-0.8415507873834882)
(	1.293092643	0.35	-0.8410394247474268)
(	1.295284237	0.35	-0.8405273517830677)
(	1.297479145	0.35	-0.8400145700476269)
(	1.299677366	0.35	-0.8395010811036466)
(	1.3018789	0.35	-0.8395010811036466)
)