/*--------------------------------*- C++ -*----------------------------------*\
| =========                 |                                                 |
| \\      /  F ield         | OpenFOAM: The Open Source CFD Toolbox           |
|  \\    /   O peration     | Version:  4.1                                   |
|   \\  /    A nd           | Web:      www.OpenFOAM.org                      |
|    \\/     M anipulation  |                                                 |
\*---------------------------------------------------------------------------*/
FoamFile
{
    version     2.0;
    format      ascii;
    class       cellSet;
    location    "constant/polyMesh/sets";
    object      highAspectRatioCells;
}
// * * * * * * * * * * * * * * * * * * * * * * * * * * * * * * * * * * * * * //


5660
(
2293956 
2293980 
2294028 
2294052 
2294100 
2294172 
2294220 
2294292 
2294340 
2294364 
2294388 
2294412 
2294436 
2294484 
2228988 
2294532 
3605268 
3605269 
2294556 
3605292 
2229036 
3605293 
2294580 
2294604 
1901469 
1901497 
2229180 
2229204 
2294748 
2229228 
2294796 
2294820 
2229300 
2229324 
2229372 
2294916 
2294940 
2229420 
2294964 
2229468 
2229516 
2295084 
2229564 
2229612 
2229660 
2229684 
3605964 
2229708 
3605965 
3605966 
3605988 
3605989 
2229756 
3606036 
3606037 
3606038 
3606039 
2295324 
3606060 
3606061 
3606062 
2295372 
2295396 
2229924 
3606204 
3606205 
3606206 
3606207 
2295492 
3606228 
3606229 
2295516 
3606276 
3606277 
3606278 
3606300 
3606301 
2295660 
2230212 
2230236 
2230260 
2230284 
2230308 
2295876 
2230356 
2295900 
2295948 
2230428 
2295972 
2296020 
2296092 
2296140 
2296212 
2296404 
2296428 
2296452 
2296476 
2296500 
2296548 
2296596 
2296620 
2296644 
2296668 
2296812 
2296860 
2296884 
2231364 
2231388 
2231436 
2231460 
2231508 
2297100 
2231580 
2297268 
2231748 
2297292 
2231772 
2297316 
2231820 
2231844 
2297388 
2231892 
2297436 
2297460 
2231964 
2297676 
2297844 
2297868 
2298180 
2298204 
2298252 
2298276 
2298324 
2298396 
2298444 
2298516 
2298660 
2298684 
2298708 
2298732 
2298756 
2298804 
2298852 
2298876 
2298900 
2298924 
2299068 
2299116 
2299140 
2299356 
2299524 
2299548 
2299572 
2299644 
2299692 
2299716 
2299932 
2300100 
2300124 
2235252 
3677100 
3677101 
2235324 
3677124 
3677125 
3677148 
3677149 
3677196 
2235420 
2235468 
3677340 
2235612 
2235636 
2235660 
2301204 
2301228 
2235732 
2301276 
2301300 
2301348 
2301588 
2170548 
2301636 
2105052 
2301708 
2105100 
2105124 
2105148 
2105172 
2301852 
2301876 
2301900 
2170836 
2301924 
2301948 
2170884 
2105364 
2170908 
2301996 
2105412 
2171028 
2171076 
2302164 
2302188 
2236668 
2302212 
2302236 
2236716 
2302260 
2105748 
2302380 
2236860 
2105796 
2236884 
2302428 
2236908 
2302452 
2105844 
2236980 
2237004 
2302548 
2302572 
2237052 
2302596 
3678900 
3678901 
3678902 
3678924 
3678925 
2237148 
2106084 
3678972 
2302716 
2237196 
3678996 
2106132 
2106204 
2106228 
2237340 
2106276 
2237364 
2237388 
2106324 
2302956 
2106348 
2237460 
2303004 
2106396 
2106420 
2171964 
2237508 
2106444 
2171988 
2237532 
2106468 
2106492 
2172036 
2237580 
2303124 
2106516 
2172060 
2237604 
2303148 
2172108 
2237652 
2172180 
2237724 
2303292 
2106708 
2172348 
2237892 
2172372 
2237916 
2172420 
2237964 
2172444 
2237988 
2106948 
2172492 
2238036 
2106972 
2106996 
2303628 
2172564 
2238108 
2303676 
2107068 
2107140 
2303796 
2107188 
2107236 
2107428 
2107452 
2107476 
2107548 
2107740 
2107788 
2107812 
2107836 
2107860 
2304564 
2239044 
2304588 
2239068 
2304636 
2239116 
2304660 
2108052 
2239140 
2304708 
2108100 
2239188 
2304780 
2239260 
2304828 
2304900 
2239428 
2239452 
2239500 
2305044 
2108436 
2239524 
2305068 
2305092 
2108484 
2239572 
2305116 
2305140 
2108532 
2239644 
2305188 
2108580 
2305236 
2305260 
2305284 
1912075 
1912076 
2305308 
2305332 
2108772 
2108820 
2305452 
1912275 
1912276 
2305500 
2108892 
1912287 
1912288 
1912289 
1912291 
2305524 
2108916 
1912320 
1912321 
1912322 
1912330 
1912331 
2108964 
2109012 
2109036 
1912445 
2109084 
2109108 
2305740 
2109132 
2109156 
2109180 
2109204 
2305908 
2305932 
2305956 
2306028 
2109444 
2306076 
2109636 
2109660 
2109684 
2109756 
2109780 
2306484 
2109876 
2306508 
2109924 
2175588 
2110116 
2306748 
2110140 
2110164 
2306796 
2110236 
2306892 
2175876 
2175924 
1913851 
2176020 
2176068 
1913982 
2176212 
2176260 
2307396 
2176332 
2176356 
2700876 
2700948 
2700949 
2242620 
2242668 
2177268 
2242812 
2242836 
2177316 
2242860 
2242932 
1915273 
1915275 
2242956 
1915281 
1915283 
2177460 
2243004 
2177484 
2177508 
2243100 
2177580 
2308668 
2177604 
2243148 
2177652 
2177748 
2243292 
2112228 
2243316 
2177796 
2243340 
2112276 
2112300 
2243412 
2112348 
2112372 
2112396 
2177940 
2112420 
2177964 
2112444 
2177988 
2112468 
2112492 
2178060 
2178084 
2178108 
2178132 
2178180 
2112660 
2178204 
2178252 
2178324 
2112900 
2112924 
2112948 
2178492 
2178516 
2178540 
2113020 
2178564 
2178588 
2113092 
2178636 
2113140 
2178708 
2113188 
2244348 
2244396 
2113380 
2113404 
2113428 
2244540 
2244564 
2113500 
2244588 
2113572 
2244660 
2244684 
2113620 
2113644 
2244732 
2113692 
2113716 
2113740 
2244828 
2113764 
2113788 
2244876 
2113812 
2245020 
2245044 
2245068 
2114004 
2245140 
2179644 
2245188 
2179668 
2245212 
2179716 
2245260 
2179740 
2245284 
2114244 
2179788 
2245332 
2114268 
2114292 
2179860 
2245404 
2114364 
2114436 
2114484 
2180028 
2245572 
2180052 
2245596 
2114532 
2180076 
2245620 
2180100 
2245644 
2180124 
2245668 
2180148 
2245692 
2245716 
2180196 
2114676 
2180244 
2114724 
2114748 
2114772 
2180340 
2114820 
2180388 
2114868 
2114916 
2114964 
2114988 
2115036 
2115060 
2115084 
2115108 
2115132 
2115156 
2115396 
2180964 
2181012 
2181060 
2115588 
2115612 
2181156 
2115636 
2246724 
2246772 
2115708 
2705556 
2115732 
2705557 
2246820 
2246868 
2705628 
2705629 
2705630 
2115828 
2115876 
2705796 
2705797 
2705798 
2705868 
2705869 
2705870 
2116068 
2116092 
2116116 
2116188 
2116260 
2116308 
2116332 
2116380 
2116404 
2116428 
2116452 
2116476 
2116500 
2706420 
2706421 
2706422 
2706492 
2706493 
2706494 
2116740 
2706660 
2706661 
2706732 
2706733 
2116932 
2116956 
2116980 
2117052 
2117076 
2313780 
2117172 
2117220 
2117436 
2117460 
2117484 
2117532 
2117580 
2183220 
2183268 
1921210 
2183412 
2183436 
2248980 
1921306 
2183460 
2249028 
2183532 
2183556 
2183604 
2249172 
2249196 
2249220 
2183700 
2183748 
2249292 
2249364 
2183892 
2183916 
2183940 
2184012 
2184036 
2249676 
2249700 
2249772 
2708916 
2250324 
2184948 
2184996 
2185140 
2185164 
2185188 
2185260 
2185284 
2185332 
2185380 
2185428 
2185476 
1923343 
1923375 
2185524 
2185572 
2185620 
2185644 
2185668 
2185716 
2185884 
2186172 
2186196 
2186244 
2186268 
2186316 
2186388 
2318100 
2318101 
2318148 
2318149 
2318292 
2318293 
2318294 
2318340 
2318341 
2318342 
2187324 
2187348 
2187396 
2187420 
2187468 
2187540 
2187708 
2187732 
2187780 
2318868 
2318869 
2318870 
2187804 
2318916 
2318917 
2187852 
2187924 
2319060 
2319061 
2319108 
2191212 
2191284 
2191380 
2191428 
2191572 
1929451 
2191596 
1929473 
2191620 
1929486 
1929499 
2191692 
2191716 
2127036 
2127060 
2127084 
2192628 
1930495 
1930498 
2127108 
1930504 
1930505 
1930506 
1930508 
2127132 
2192676 
1930538 
1930539 
1930540 
1930542 
2127156 
1930550 
1930551 
1930552 
1930554 
2127180 
2127276 
2192820 
2127300 
2192844 
2192868 
2127348 
2127396 
2192940 
2192964 
2193012 
2127516 
2193108 
2127588 
2193156 
2127636 
2193300 
2127780 
2193324 
2193348 
2127876 
2193420 
2193444 
2127924 
2193468 
2193492 
2127972 
2193540 
2193564 
2193612 
2193684 
2128164 
2128188 
2128212 
2128284 
2128308 
2193852 
2193876 
2128356 
2193924 
2128404 
2193948 
2128428 
1931825 
1931826 
2193996 
1931854 
1931855 
1931857 
1931858 
1931864 
1931865 
1931867 
2128476 
1931868 
2128500 
2128524 
2194068 
2128548 
2128572 
2128596 
2128788 
2129052 
2129076 
2129100 
2129244 
2129268 
2129340 
2129388 
2129436 
2195004 
2195028 
2195076 
2195100 
2195148 
2129628 
2129652 
2129676 
2195220 
2129748 
2129772 
2195388 
2195412 
2195460 
2129940 
2195484 
2129964 
2129988 
2195532 
2130012 
2130036 
2130060 
2195604 
2130180 
2130204 
2130252 
2130300 
2261580 
2130540 
2130612 
2261820 
2130756 
2261868 
2261916 
2261940 
2130876 
2130924 
2262060 
2262108 
2131116 
2131140 
2131164 
2131236 
1869103 
1869105 
2262324 
1869108 
1869109 
1869110 
1869111 
1869113 
1869114 
1869115 
2131260 
1869116 
1869117 
1869118 
1869119 
2131308 
2131356 
2131380 
1869252 
1869253 
1869254 
1869255 
1869256 
1869257 
1869258 
1869259 
1869260 
1869261 
1869262 
1869263 
1869264 
1869265 
1869266 
1869267 
1869268 
1869269 
1869270 
1869271 
1869272 
1869273 
1869274 
1869275 
1869277 
1869278 
1869279 
1869280 
1869281 
1934818 
1869282 
1934819 
1869283 
2131428 
1934820 
1869284 
1869285 
1934822 
1869286 
1869287 
1869288 
1869289 
1869291 
1934828 
1934829 
2131452 
1869313 
1869314 
1869315 
1869316 
1869317 
1869318 
1869319 
1869320 
1869321 
1869322 
1869323 
1869324 
1869327 
1869329 
1869331 
2131476 
1869336 
1869337 
1869343 
1869345 
1869347 
1869349 
1869350 
1869351 
1869352 
1869354 
2131500 
1869356 
1934893 
1934894 
1869358 
1869359 
1934896 
1869360 
1934897 
1869361 
1869362 
1869363 
1869364 
1869365 
1869366 
1869367 
1869368 
1869369 
1869370 
1869371 
1869372 
1869373 
1869374 
1869375 
1869376 
1869377 
1869378 
2131524 
1869380 
1869382 
1869383 
1869384 
1869385 
1869386 
1869387 
1869388 
1869390 
1869392 
1869393 
1869394 
1869395 
1869396 
1869397 
1869398 
1869399 
1869400 
1869401 
1869402 
1869403 
2131548 
1869404 
1869405 
1869406 
1869407 
1869408 
1869410 
3573348 
1869412 
1869414 
1869415 
1869416 
1869417 
1869418 
1869419 
1869420 
1869421 
1869425 
1869426 
1869427 
1869428 
1869429 
1869430 
1869431 
1934968 
1869432 
1934969 
1869433 
1869434 
1869435 
1869436 
1869439 
1869441 
1869443 
1869446 
1869447 
1869455 
1869457 
1869459 
1869460 
1869461 
1869463 
1869464 
1869466 
1869468 
1869470 
1869471 
1869472 
1869473 
1869474 
1869475 
1869476 
1869477 
1869478 
1869479 
1869480 
1869481 
1869482 
1869483 
3573420 
1869484 
1869485 
1869486 
1869487 
1869488 
1869489 
1869490 
1869492 
1869495 
1869496 
1869497 
1869498 
1869499 
1869500 
1869502 
1869503 
1869504 
1869506 
1869507 
1869508 
1869509 
1869510 
1869511 
1869512 
1869513 
1869515 
1869516 
1869517 
1869518 
1869519 
1869520 
1869522 
1869524 
1869526 
1869527 
1869528 
1869529 
1869530 
1869531 
1869532 
1869533 
1869540 
1869542 
1869544 
1869548 
1869549 
1869552 
1869554 
1869555 
1869556 
1869557 
1869559 
1869560 
1869562 
1869564 
1869566 
1869567 
1869568 
1869569 
1869570 
1869571 
1869572 
1869573 
1869574 
1869575 
1869576 
1869577 
1869579 
1869580 
1869582 
1869584 
1869586 
1869587 
1869588 
1869589 
1869590 
1869591 
1869592 
1869593 
1869594 
1869595 
1869596 
1869597 
1869599 
1869600 
1869602 
1869604 
1869606 
1869607 
1869610 
1869611 
2262828 
1869614 
1869615 
1869616 
1869617 
1869618 
1869619 
1869620 
1869621 
1869622 
1869623 
1869624 
1869625 
1869626 
1869627 
3573564 
1869628 
3573565 
3573566 
1869630 
1869631 
1869632 
1869633 
1869634 
1869635 
1869636 
1869638 
1869640 
1869641 
1869642 
1869643 
2131788 
1869644 
1869645 
1869646 
1869647 
1869648 
1869649 
1869650 
1869651 
3573588 
1869652 
3573589 
1869653 
3573590 
1869654 
1869655 
1869656 
1869658 
2262876 
1869660 
1869662 
1869663 
1869664 
1869665 
1869666 
1869667 
1869668 
1869669 
1869670 
1869671 
1869672 
1869673 
1869674 
1869675 
3573612 
1869676 
3573613 
1869677 
1869678 
1869679 
1869680 
1869681 
1869682 
1869683 
2262900 
1869684 
1869685 
1869686 
1869687 
1869688 
1869689 
1869690 
1869691 
1869692 
1869694 
1869696 
1869697 
1869698 
1869699 
1869700 
1869701 
1869702 
1869703 
1869704 
1869705 
1869706 
1869707 
1869708 
1869709 
1869710 
1869711 
1869712 
1869713 
1869714 
1869715 
1869717 
1869718 
1869719 
1869720 
1869721 
1869722 
1869723 
3573660 
1869724 
3573661 
1869725 
1869726 
1869727 
1869728 
1869729 
1869730 
1869731 
1869732 
1869733 
1869734 
1869735 
1869736 
1869737 
1869738 
1869739 
1869740 
1869743 
1869744 
1869745 
1869746 
1869747 
1869748 
1869750 
1869751 
1869752 
1869754 
1869755 
1869756 
1869757 
1869758 
1869759 
1869760 
1869761 
1869763 
1869764 
1869765 
1869766 
1869767 
1869768 
1869770 
1869772 
1869774 
1869775 
1869776 
1869777 
1869778 
1869779 
1869780 
1869781 
1869782 
1869783 
1869784 
1869785 
1869786 
1869787 
1869788 
1869789 
1869790 
1869791 
1869792 
1869793 
1869794 
1869796 
1869799 
1869800 
1869801 
1869802 
1869803 
2263020 
1869804 
1869806 
1869807 
1869808 
1869810 
1869811 
1869812 
1869813 
1869814 
1869815 
1869816 
1869817 
1869819 
1869820 
1869821 
1869822 
1869823 
1869824 
1869826 
1869827 
1869828 
1869829 
1869831 
1869832 
1869833 
1869834 
1869835 
1869836 
1869837 
1869838 
1869839 
1869840 
1869841 
1869842 
1869844 
1869845 
1869847 
1869849 
1869851 
1869852 
1869853 
1869854 
1869857 
1869858 
1869860 
1869861 
1869863 
1869864 
1869865 
1869866 
1869868 
1869869 
1869871 
1869873 
1869875 
1869876 
1869878 
1869879 
1869881 
1869882 
1869883 
2132028 
1869884 
2263164 
2132100 
2132124 
1870008 
1870009 
1870010 
1870011 
1870013 
1870014 
1870016 
1870018 
1870020 
1870021 
1870023 
1870024 
1870026 
1870027 
1870028 
1870029 
1870035 
1870036 
1870037 
1870038 
1870040 
1870045 
1870047 
1870048 
1870054 
1870057 
1870058 
1870063 
2132244 
2132268 
2263380 
2263404 
2132364 
1870226 
1870227 
1870228 
1870229 
1870230 
1870231 
1870232 
1870233 
1870234 
1870235 
2263452 
1870236 
1870237 
1870238 
1870239 
1870240 
1870242 
1870243 
1870244 
1870245 
1870246 
1870247 
1870248 
1870250 
1870252 
1870253 
1870254 
1870255 
1870256 
1870257 
2263476 
1870261 
1870262 
1870263 
1870264 
1870266 
1870267 
2132412 
1870268 
1870269 
1870270 
1870271 
1870272 
1870274 
1870276 
1870278 
1870279 
1870280 
1870281 
1870282 
1870283 
1870284 
1870285 
1870286 
1870287 
1870288 
1870289 
1870290 
1870291 
1870292 
1870293 
1870294 
1870295 
1870296 
1870297 
1870298 
1870300 
1870302 
1870303 
1870304 
1870305 
1870306 
1870307 
2263524 
1870308 
1870310 
1870312 
1870313 
1870315 
1870316 
1870317 
1870318 
1870322 
1870323 
1870324 
1870325 
1870327 
1870328 
1870329 
1870330 
1870331 
1870332 
1870333 
1870335 
1870337 
1870339 
1870340 
1870341 
1870342 
1870343 
1870344 
1870345 
1870346 
1870347 
1870348 
1870349 
1870350 
1870351 
1870352 
1870353 
1870354 
1870355 
1870356 
1870357 
1870358 
1870359 
1870360 
1870361 
1870363 
1870364 
1870365 
1870366 
1870367 
1870368 
1870369 
1870371 
1870372 
1870373 
1870377 
1870378 
2263596 
1870380 
1870381 
1870384 
1870385 
1870387 
1870388 
1870390 
1870391 
1870392 
1870393 
1870394 
1870395 
1870397 
1870399 
1870401 
1870402 
1870403 
1870404 
1870405 
1870406 
1870407 
1870408 
1870409 
1870410 
1870411 
1870412 
1870413 
1870414 
1870415 
1870416 
1870417 
1870418 
1870419 
1870420 
1870421 
1870423 
1870426 
1870427 
2263644 
1870428 
1870429 
1870430 
1870431 
1870433 
1870434 
1870435 
1870439 
1870440 
1870443 
3574380 
1870444 
3574381 
3574382 
1870447 
1870448 
1870449 
1870450 
1870452 
1870453 
1870454 
1870455 
1870456 
1870457 
1870459 
1870461 
1870465 
1870466 
1870467 
3574404 
1870468 
3574405 
1870469 
3574406 
1870470 
1870471 
1870472 
1870474 
1870479 
1870481 
1870483 
1870486 
1870491 
3574428 
1870492 
3574429 
3574430 
2263716 
1870500 
1870507 
2132652 
1870508 
1870516 
1870517 
1870518 
1870519 
1870521 
1870522 
1870524 
1870526 
1870528 
1870529 
2132676 
1870534 
1870535 
3574476 
3574477 
3574478 
1870542 
1870543 
2263764 
1870550 
1870551 
2132700 
2263788 
2263812 
2263836 
2132772 
2263860 
2132796 
1870688 
1870689 
1870690 
1870691 
2263908 
1870693 
1870694 
1870696 
1870698 
1870700 
1870701 
1870706 
1870707 
1870708 
1870709 
1870710 
1870711 
1870712 
1870713 
1870714 
1870715 
1870717 
1870718 
1870720 
1870722 
1870724 
1870725 
1870728 
1870729 
3574668 
3574669 
3574670 
2263956 
3574692 
3574693 
3574694 
2263980 
1870770 
1870771 
1870772 
1870773 
1870774 
1870775 
1870776 
1870777 
1870778 
1870779 
3574716 
1870780 
3574717 
1870781 
3574718 
1870782 
1870783 
1870784 
1870786 
1870787 
2264004 
1870788 
1870789 
1870790 
1870791 
1870792 
1870794 
1870796 
1870797 
1870798 
1870799 
1870800 
1870801 
1870802 
1870803 
1870804 
1870805 
1870806 
1870807 
1870808 
1870809 
1870810 
1870811 
2264028 
1870812 
1870814 
1870816 
1870818 
1870819 
1870820 
1870821 
1870822 
1870823 
1870824 
1870825 
1870826 
1870827 
3574764 
1870828 
3574765 
1870829 
1870830 
1870831 
1870832 
1870833 
1870834 
1870835 
1870836 
1870837 
1870838 
1870840 
1870842 
1870843 
1870844 
1870845 
1870846 
1870847 
1870848 
1870850 
1870852 
1870853 
1870854 
1870855 
1870856 
1870857 
1870858 
1870859 
1870860 
1870861 
1870862 
1870863 
1870864 
1870865 
1870866 
1870867 
1870868 
1870870 
1870872 
1870874 
1870875 
1870876 
1870877 
1870878 
1870879 
1870880 
1870881 
1870882 
1870883 
1870884 
1870885 
1870886 
1870887 
1870888 
1870889 
1870890 
1870891 
1870892 
1870893 
1870894 
1870895 
1870896 
1870899 
2198580 
1870900 
1870901 
1870902 
1870903 
1870904 
1870906 
1870907 
1870908 
1870910 
1870911 
1870912 
1870913 
1870914 
1870915 
1870916 
1870917 
1870919 
1870920 
1870921 
1870922 
1870923 
1870924 
1870926 
1870928 
1870930 
1870931 
1870932 
1870933 
1870934 
1870935 
1870936 
1870937 
1870938 
1870939 
1870940 
1870941 
1870942 
1870943 
1870944 
1870945 
1870946 
1870947 
2198628 
1870948 
1870949 
1870950 
1870952 
1870955 
2264172 
1870956 
1870957 
1870958 
1870959 
1870960 
1870962 
1870963 
1870964 
1870966 
1870967 
1870968 
1870969 
1870970 
1870971 
1870972 
1870973 
1870975 
1870976 
1870977 
1870978 
1870979 
1870980 
1870982 
1870984 
1870986 
1870987 
1870988 
1870989 
1870990 
1870991 
1870992 
1870993 
1870994 
1870995 
1870996 
1870997 
1870999 
1871000 
1871002 
2264220 
1871004 
1871006 
1871007 
1871008 
1871009 
1871010 
1871011 
1871012 
1871013 
1871014 
1871015 
1871016 
1871017 
1871019 
1871020 
1871022 
1871024 
1871026 
1871027 
2264244 
1871028 
1871029 
1871030 
1871031 
1871032 
1871033 
2198772 
2198796 
2264340 
2198820 
2264364 
1871161 
1871162 
1871163 
1871164 
1871166 
1871167 
1871169 
1871171 
2264388 
1871173 
1871174 
1871175 
1871176 
1871177 
1871178 
1871179 
1871180 
1871181 
1871182 
1871183 
1871184 
1871186 
1871187 
1871189 
1871191 
1871193 
1871194 
1871197 
1871198 
2198892 
2198916 
1871239 
1871240 
1871241 
1871242 
1871243 
1871244 
1871245 
1871246 
1871247 
1871248 
1871249 
1871250 
1871251 
1871252 
1871253 
1871254 
1871255 
1871256 
1871257 
1871258 
1871259 
1871260 
1871261 
1871263 
1871265 
1871266 
1871267 
1871268 
1871269 
1871270 
1871271 
1871272 
1871273 
1871274 
1871275 
1871276 
1871277 
1871278 
1871279 
1871280 
1871281 
1871283 
2198964 
1871285 
1871286 
1871287 
1871288 
1871289 
1871290 
1871291 
2264508 
1871293 
1871295 
1871296 
1871301 
1871302 
1871303 
1871310 
1871312 
1871316 
1871317 
1871318 
1871319 
1871320 
1871321 
1871322 
1871323 
1871324 
1871325 
1871326 
1871327 
1871328 
1871329 
1871330 
1871331 
1871333 
1871334 
1871335 
1871336 
1871337 
1871338 
1871340 
1871341 
1871342 
1871344 
1871345 
1871346 
1871347 
1871348 
1871349 
1871350 
1871351 
1871353 
1871354 
1871355 
1871356 
1871357 
1871358 
1871360 
1871362 
1871364 
1871365 
1871366 
1871367 
1871368 
1871370 
1871372 
1871379 
2199060 
1871381 
1871382 
1871387 
1871389 
1871393 
1871394 
1871395 
1871396 
1871398 
1871399 
1871401 
1871403 
1871405 
1871406 
1871407 
1871408 
1871409 
1871410 
1871411 
1871412 
1871413 
1871414 
1871415 
1871416 
1871418 
1871419 
1871421 
1871423 
1871425 
1871426 
1871427 
2199108 
1871428 
1871429 
1871430 
1871431 
1871439 
1871440 
1871441 
1871442 
1871448 
1871451 
1871506 
1871507 
1871509 
1871518 
1871519 
1871520 
2264748 
1871550 
1871551 
1871552 
1871553 
1871554 
2199252 
2264796 
2199276 
2264820 
1871610 
1871611 
1871613 
2199300 
1871622 
1871623 
1871624 
1871625 
1871634 
1871635 
1871636 
1871637 
1871646 
1871647 
1871648 
1871649 
2199372 
2264916 
2199396 
2264940 
1871762 
1871763 
1871766 
1871767 
1871780 
1871781 
1871794 
1871795 
1871825 
2265084 
1871971 
1871972 
1871973 
1871974 
1871975 
1871976 
1871977 
1871978 
1871979 
1871980 
1871981 
1871982 
1871983 
1872045 
1872047 
1872053 
1872055 
1872056 
1872057 
1872058 
1872059 
1872060 
1872061 
1872062 
1872063 
1872064 
1872065 
1872066 
1872067 
1872068 
1872070 
1872073 
1872075 
1872082 
1872089 
1872091 
1872092 
1872093 
1872098 
1872100 
1872101 
1872104 
1872105 
1872106 
1872107 
1872108 
1872109 
1872110 
1872111 
1872112 
1872113 
1872114 
1872115 
1872116 
1872117 
1872118 
1872119 
1872120 
1872121 
1872122 
1872123 
1872124 
1872125 
1872126 
1872127 
1872128 
1872129 
1872130 
1872131 
1872132 
1872134 
1872137 
1872139 
1872140 
1872141 
1872142 
1872143 
1872144 
1872146 
1872148 
1872149 
1872152 
1872153 
1872155 
1872156 
1872157 
1872164 
1872165 
1872169 
1872171 
1872173 
2265420 
1872217 
1872221 
1872225 
1872230 
1872241 
1872246 
1872249 
1872250 
1872253 
1872255 
1872265 
1872267 
1872269 
1872270 
1872273 
1872275 
1872276 
1872278 
1872280 
1872281 
1872282 
1872283 
1872284 
1872285 
1872286 
1872287 
1872295 
1872297 
1872302 
1872305 
1872313 
1872318 
1872321 
1872322 
1872325 
1872326 
1872327 
1872328 
1872330 
1872332 
1872333 
1872334 
1872335 
1872336 
1872337 
1872338 
1872339 
1872341 
1872342 
1872345 
1872346 
1872347 
1872348 
1872350 
1872352 
1872353 
1872354 
1872355 
1872356 
1872357 
1872358 
1872359 
1872360 
1872361 
1872362 
1872363 
1872364 
1872365 
1872366 
1872367 
1872368 
1872369 
1872370 
1872371 
1872372 
1872373 
1872374 
1872375 
1872376 
1872377 
1872378 
1872379 
1872380 
1872381 
1872382 
1872383 
1872384 
1872385 
1872386 
1872387 
1872388 
1872390 
1872393 
1872395 
1872397 
1872398 
1872399 
1872400 
1872402 
1872405 
1872408 
1872409 
1872411 
1872412 
1872413 
1872418 
1872420 
1872421 
1872424 
1872425 
1872426 
1872427 
1872428 
1872429 
1872430 
1872431 
1872432 
1872433 
1872434 
1872435 
1872436 
1872437 
1872438 
1872439 
1872440 
1872441 
1872442 
1872443 
1872444 
1872445 
1872446 
1872447 
1872448 
1872449 
1872450 
1872451 
1872453 
1872455 
1872457 
1872459 
1872460 
1872461 
1872462 
1872463 
1872464 
1872466 
2265684 
1872468 
1872469 
1872472 
1872473 
1872475 
1872476 
1872477 
1872479 
1872481 
1872483 
1872484 
1872485 
1872487 
2265708 
1872531 
1872533 
1872535 
2265756 
1872543 
1872545 
1872550 
1872561 
2265780 
1872566 
1872569 
1872570 
1872573 
1872574 
1872575 
1872576 
1872578 
1872580 
1872581 
1872582 
1872583 
1872584 
1872585 
1872586 
1872587 
1872589 
1872590 
1872593 
1872594 
1872595 
1872596 
1872598 
1872600 
1872601 
1872602 
1872603 
1872604 
1872605 
1872606 
1872607 
1872615 
1872617 
1872622 
1872625 
1872627 
2200308 
1872633 
1872635 
1872637 
1872639 
1872641 
1872642 
1872645 
1872646 
1872647 
1872648 
1872650 
1872652 
1872653 
1872654 
1872655 
1872656 
1872657 
1872658 
1872659 
1872661 
1872663 
1872665 
1872666 
1872667 
1872669 
1872671 
1872672 
1872673 
1872674 
1872675 
2200356 
1872677 
1872678 
1872679 
1872681 
2265900 
1872684 
1872685 
1872686 
1872687 
1872691 
1872694 
1872695 
1872696 
1872697 
1872698 
1872699 
1872700 
1872701 
1872702 
1872704 
1872705 
1872706 
1872707 
1872708 
1872710 
1872713 
1872715 
1872728 
1872729 
1872731 
2265948 
1872732 
1872733 
1872738 
1872740 
1872741 
1872744 
1872745 
1872746 
1872747 
1872748 
1872749 
1872750 
1872751 
1872752 
1872753 
1872754 
1872755 
1872756 
1872757 
1872758 
1872759 
1872760 
1872761 
1872762 
1872763 
1872764 
1872765 
1872766 
1872768 
1872769 
1872770 
1872771 
1872772 
1872774 
1872777 
1872779 
1872780 
1872781 
1872782 
1872783 
1872784 
1872786 
1872788 
1872789 
1872792 
1872793 
1872795 
1872796 
1872797 
1872804 
1872805 
2200500 
2200524 
2200548 
1872870 
1872881 
1872886 
1872890 
1872903 
1872904 
1872905 
1872906 
1872907 
1872909 
1872910 
1872913 
1872914 
1872915 
1872916 
1872918 
1872920 
1872921 
1872922 
1872923 
1872924 
1872925 
1872926 
1872927 
1872935 
1872937 
2200620 
1872942 
1872945 
2266164 
1872953 
1872958 
1872961 
1872962 
2200644 
1872965 
1872966 
1872967 
1872968 
1872970 
1872972 
1872973 
1872974 
1872975 
1872976 
1872977 
1872978 
1872979 
1872981 
1872982 
1872985 
1872986 
1872987 
1872988 
1872990 
1872992 
1872993 
1872994 
1872995 
2266212 
1872996 
1872997 
1872998 
1872999 
1873000 
1873001 
1873002 
1873003 
1873004 
1873005 
1873006 
1873007 
1873008 
1873009 
1873010 
1873011 
2200692 
1873012 
1873013 
1873014 
1873015 
1873016 
1873017 
1873018 
1873019 
1873020 
1873021 
1873022 
1873024 
1873025 
1873026 
1873027 
1873028 
1873030 
1873033 
1873035 
1873037 
1873038 
1873039 
1873040 
1873042 
1873045 
1873048 
1873049 
1873051 
1873052 
1873053 
1873058 
1873060 
1873061 
1873064 
1873065 
1873066 
1873067 
1873068 
1873069 
1873070 
1873071 
1873072 
1873073 
1873074 
1873075 
1873076 
1873077 
1873078 
1873079 
1873080 
1873081 
1873082 
1873083 
1873084 
1873085 
1873086 
1873088 
1873089 
1873090 
1873091 
1873092 
1873094 
1873097 
1873099 
1873100 
1873101 
1873102 
1873103 
1873104 
1873106 
2200788 
1873108 
1873109 
1873112 
1873113 
1873115 
1873116 
1873117 
1873124 
1873125 
2200836 
1873183 
1873185 
1873190 
1873201 
1873206 
1873209 
1873210 
1873213 
1873214 
1873215 
1873216 
1873218 
1873220 
1873221 
1873222 
1873223 
1873224 
1873225 
1873226 
1873227 
1873229 
1873230 
1873233 
1873234 
1873235 
1873236 
1873238 
1873240 
1873241 
1873242 
1873243 
1873244 
1873245 
1873246 
1873247 
1873255 
1873257 
1873262 
1873265 
1873273 
1873278 
1873281 
1873282 
1873285 
1873286 
1873287 
1873288 
1873290 
1873292 
1873293 
1873294 
1873295 
1873296 
1873297 
1873298 
1873299 
2200980 
1873301 
1873302 
1873305 
1873306 
1873307 
1873308 
1873310 
1873312 
1873313 
1873314 
1873315 
1873316 
1873317 
1873318 
1873319 
1873320 
1873321 
1873322 
1873323 
2201004 
1873324 
1873325 
1873326 
1873327 
1873328 
1873329 
1873330 
1873331 
1873332 
1873334 
1873335 
1873336 
1873337 
1873338 
1873339 
1873340 
1873341 
1873342 
1873344 
1873345 
1873346 
1873347 
2201028 
1873348 
1873350 
1873353 
1873355 
1873357 
1873358 
1873360 
1873362 
1873365 
1873368 
1873369 
1873371 
1873373 
1873380 
1873381 
1873384 
1873385 
1873386 
1873390 
1873397 
1873399 
1873406 
2201100 
1873433 
1873437 
2201124 
1873448 
1873450 
2266668 
1873455 
1873458 
1873466 
2201148 
1873471 
1873474 
1873475 
1873478 
1873479 
1873480 
1873481 
1873483 
1873485 
1873486 
1873487 
1873488 
1873489 
1873490 
1873491 
2201172 
1873492 
1873494 
1873498 
1873499 
2266716 
1873500 
1873501 
1873503 
1873505 
1873506 
1873507 
1873508 
1873509 
1873511 
1873514 
1873517 
1873519 
2266740 
1873529 
1873530 
1873534 
1873536 
2201220 
2201244 
1873608 
1873609 
1873611 
2201292 
1873625 
1873626 
1873627 
1873631 
1873632 
1873633 
1873634 
1873635 
2201364 
1873696 
1873697 
1873699 
1873708 
1873709 
1873710 
1873711 
1873720 
1873721 
1873722 
1873723 
1873732 
1873733 
1873734 
1873735 
2266956 
1873744 
1873745 
1873746 
1873747 
1873756 
1873757 
1873758 
1873759 
1873799 
1873800 
1873801 
1873802 
1873803 
1873804 
1873805 
1873806 
1873807 
1873808 
1873809 
1873810 
1873811 
2201532 
2201556 
1873877 
1873879 
1873885 
1873887 
1873888 
1873889 
1873890 
1873891 
1873892 
1873893 
1873894 
1873895 
1873896 
1873897 
1873899 
2201580 
1873900 
1873902 
1873905 
1873907 
1873914 
1873921 
1873923 
2201604 
1873924 
1873925 
1873930 
2267148 
1873932 
1873933 
1873936 
1873937 
1873938 
1873939 
1873940 
1873941 
1873942 
1873943 
1873944 
1873945 
1873946 
1873947 
2201628 
1873948 
1873949 
1873950 
1873951 
1873952 
1873953 
1873954 
1873955 
1873956 
1873957 
1873958 
1873959 
1873960 
1873961 
1873962 
1873963 
1873964 
1873966 
1873969 
1873971 
1873972 
1873973 
1873974 
1873975 
1873976 
1873978 
1873980 
1873981 
1873984 
1873985 
1873987 
1873988 
1873989 
2201676 
1873996 
1873997 
1874001 
1874003 
2267220 
1874005 
2267244 
1874049 
1874053 
1874057 
1874062 
1874073 
2267292 
1874078 
1874081 
1874082 
1874085 
1874087 
1874097 
1874099 
2267316 
1874101 
1874102 
1874105 
1874107 
1874108 
1874110 
1874112 
1874113 
1874114 
1874115 
1874116 
1874117 
1874118 
1874119 
1874127 
1874129 
1874134 
1874137 
1874145 
2267364 
1874150 
1874153 
1874154 
1874157 
1874158 
1874159 
1874160 
1874162 
1874164 
1874165 
1874166 
1874167 
1874168 
1874169 
1874170 
1874171 
1874173 
1874174 
1874177 
1874178 
1874179 
1874180 
1874182 
1874184 
1874185 
1874186 
1874187 
1874188 
1874189 
1874190 
1874191 
1874192 
1874193 
1874194 
1874195 
1874196 
1874197 
1874198 
1874199 
1874200 
1874201 
1874202 
1874203 
1874204 
1874205 
1874206 
1874207 
1874208 
1874209 
1874210 
1874211 
1874212 
1874213 
1874214 
1874215 
1874216 
1874217 
1874218 
1874219 
2267436 
1874220 
1874222 
1874225 
1874227 
1874229 
1874230 
1874231 
1874232 
1874234 
1874237 
1874240 
1874241 
1874243 
1874244 
1874245 
1874250 
1874252 
1874253 
1874256 
1874257 
1874258 
1874259 
1874260 
1874261 
1874262 
1874263 
1874264 
1874265 
1874266 
1874267 
2267484 
1874268 
1874269 
1874270 
1874271 
1874272 
1874273 
1874274 
1874275 
1874276 
1874277 
1874278 
1874279 
1874280 
1874281 
1874282 
1874283 
1874285 
1874287 
1874289 
1874291 
1874292 
1874293 
1874294 
1874295 
1874296 
1874298 
1874300 
1874301 
1874304 
1874305 
1874307 
1874308 
1874309 
1874311 
1874313 
1874315 
1874316 
1874317 
1874319 
2267556 
1874366 
1874368 
1874370 
1874378 
1874380 
1874385 
2267604 
1874396 
1874401 
1874404 
1874405 
1874408 
1874409 
1874410 
1874411 
2267628 
1874413 
1874415 
1874416 
1874417 
1874418 
1874419 
1874420 
1874421 
1874422 
1874424 
1874425 
1874428 
1874429 
1874430 
1874431 
1874433 
1874435 
2267652 
1874436 
1874437 
1874438 
1874439 
1874440 
1874441 
1874442 
1874450 
1874452 
1874457 
2267676 
1874460 
1874462 
1874468 
1874470 
1874472 
1874474 
1874476 
1874477 
1874480 
1874481 
1874482 
1874483 
2267700 
1874485 
1874487 
1874488 
1874489 
1874490 
1874491 
1874492 
1874493 
1874494 
1874496 
1874498 
1874500 
1874501 
1874502 
1874504 
1874506 
1874507 
1874508 
1874509 
1874510 
1874512 
1874513 
1874514 
1874516 
1874519 
1874520 
1874521 
1874522 
1874526 
1874529 
1874530 
1874531 
2267748 
1874532 
1874533 
1874534 
1874535 
1874536 
1874537 
1874539 
1874540 
1874541 
1874542 
1874543 
1874545 
1874548 
1874550 
1874563 
1874564 
1874566 
1874567 
1874568 
1874573 
1874575 
1874576 
1874579 
2267796 
1874580 
1874581 
1874582 
1874583 
1874584 
1874585 
1874586 
1874587 
1874588 
1874589 
1874590 
1874591 
1874592 
1874593 
1874594 
1874595 
1874596 
1874597 
1874598 
1874599 
1874600 
1874601 
1874603 
2267820 
1874604 
1874605 
1874606 
1874607 
1874609 
1874612 
1874614 
1874615 
1874616 
1874617 
1874618 
1874619 
1874621 
1874623 
1874624 
1874627 
2267844 
1874628 
1874630 
1874631 
1874632 
1874639 
1874640 
2267868 
1874705 
1874716 
1874721 
1874725 
1874738 
1874739 
1874740 
1874741 
1874742 
1874744 
1874745 
1874748 
1874749 
1874750 
1874751 
1874753 
1874755 
1874756 
1874757 
1874758 
1874759 
1874760 
1874761 
1874762 
1874770 
1874772 
1874777 
1874780 
1874788 
1874793 
2268012 
1874796 
1874797 
1874800 
1874801 
1874802 
1874803 
1874805 
1874807 
1874808 
1874809 
1874810 
1874811 
1874812 
1874813 
1874814 
1874816 
1874817 
1874820 
1874821 
1874822 
1874823 
1874825 
1874827 
1874828 
1874829 
1874830 
1874831 
1874832 
1874833 
1874834 
1874835 
1874836 
1874837 
1874838 
1874839 
1874840 
1874841 
1874842 
1874843 
2268060 
1874844 
1874845 
1874846 
1874847 
1874848 
1874849 
1874850 
1874851 
1874852 
1874853 
1874854 
1874855 
1874856 
1874857 
1874859 
1874860 
1874861 
1874862 
1874863 
1874865 
2268084 
1874868 
1874870 
1874872 
1874873 
1874874 
1874875 
1874877 
1874880 
1874883 
1874884 
1874886 
1874887 
1874888 
1874893 
1874895 
1874896 
1874899 
1874900 
1874901 
1874902 
1874903 
1874904 
1874905 
1874906 
1874907 
1874908 
1874909 
1874910 
1874911 
1874912 
1874913 
1874914 
1874915 
1874916 
1874917 
1874918 
1874919 
1874920 
1874921 
1874923 
1874924 
1874925 
1874926 
1874927 
1874929 
1874932 
1874934 
1874935 
1874936 
1874937 
1874938 
1874939 
1874941 
1874943 
1874944 
1874947 
1874948 
1874950 
1874951 
1874952 
1874959 
1874960 
2202684 
1875018 
1875020 
1875025 
1875036 
1875041 
1875044 
1875045 
1875048 
1875049 
1875050 
1875051 
2202732 
1875053 
1875055 
1875056 
1875057 
1875058 
1875059 
1875060 
1875061 
1875062 
1875064 
1875065 
1875068 
1875069 
1875070 
1875071 
1875073 
1875075 
1875076 
1875077 
1875078 
1875079 
1875080 
1875081 
1875082 
2268300 
1875090 
1875092 
1875097 
1875100 
1875108 
1875113 
1875116 
1875117 
1875120 
1875121 
1875122 
1875123 
1875125 
1875127 
1875128 
1875129 
1875130 
1875131 
1875132 
1875133 
1875134 
1875136 
1875137 
1875140 
1875141 
1875142 
1875143 
1875145 
1875147 
2202828 
1875148 
1875149 
1875150 
1875151 
1875152 
1875153 
1875154 
1875155 
1875156 
1875157 
1875158 
1875159 
1875160 
1875161 
1875162 
1875163 
1875164 
1875165 
1875166 
1875167 
1875169 
1875170 
1875171 
1875172 
1875173 
1875174 
1875175 
1875176 
1875177 
1875179 
1875180 
1875181 
1875182 
1875183 
1875185 
1875188 
1875190 
1875192 
1875193 
1875195 
1875197 
1875200 
1875203 
1875204 
1875206 
1875208 
1875215 
1875216 
1875219 
1875220 
1875221 
1875223 
1875225 
1875232 
1875234 
1875241 
2268468 
1875268 
1875272 
2268492 
1875283 
1875285 
1875290 
1875293 
2268516 
1875301 
1875306 
2334060 
2334061 
1875309 
1875310 
1875313 
1875314 
1875315 
1875316 
1875318 
1875320 
1875321 
1875322 
1875323 
1875324 
1875325 
1875326 
1875327 
1875329 
1875333 
1875334 
1875335 
1875336 
1875338 
1875340 
1875341 
1875342 
1875343 
1875344 
1875346 
1875349 
1875352 
1875354 
2334108 
2334109 
1875364 
1875365 
1875369 
1875371 
2268588 
1875399 
1875417 
2268636 
1875432 
1875441 
1875442 
2268660 
1875451 
1875452 
1875466 
1875475 
1875476 
1875485 
1875486 
1875487 
1875488 
1875489 
1875490 
1875493 
1875494 
1875495 
1875496 
2334252 
2334253 
2334254 
1875503 
1875504 
1875505 
1875506 
1875533 
1875534 
1875543 
1875544 
2334300 
2334301 
2334302 
1875553 
1875554 
1875563 
1875564 
1875619 
1875620 
1875629 
1875630 
1875655 
2268876 
1875675 
1875676 
1875685 
1875686 
1875695 
1875696 
1875705 
1875706 
1875758 
1875759 
1875768 
1875769 
1875797 
1875819 
1875821 
1875823 
1875824 
1875825 
1875826 
1875827 
2269044 
1875828 
1875829 
1875830 
1875837 
1875838 
1875840 
1875844 
1875846 
1875848 
1875849 
1875850 
1875851 
2269068 
1875852 
1875853 
1875854 
1875855 
1875856 
1875857 
1875858 
1875859 
1875860 
1875861 
1875863 
1875866 
1875868 
1875869 
1875871 
1875874 
1875875 
1875876 
1875878 
1875882 
1875883 
1875885 
1875887 
1875889 
1875890 
1875891 
1875892 
1875893 
1875895 
1875897 
1875898 
1875899 
1875901 
1875902 
1875903 
1875904 
1875905 
1875906 
1875907 
1875909 
1875911 
1875912 
1875913 
1875914 
1875915 
1875916 
1875917 
1875918 
1875919 
1875920 
1875921 
1875922 
1875923 
1875924 
1875925 
1875926 
1875927 
1875928 
1875929 
1875930 
1875931 
1875932 
1875933 
1875934 
1875935 
1875936 
1875937 
1875938 
1875939 
1875940 
1875941 
1875943 
1875945 
1875946 
1875947 
1875948 
1875949 
1875951 
1875953 
1875954 
1875955 
1875956 
1875957 
1875958 
1875959 
1875960 
1875961 
1875962 
1875963 
1875965 
1875967 
1875968 
1875969 
1875970 
1875971 
1875972 
1875973 
1875975 
1875977 
1875978 
1875979 
1875981 
1875982 
1875983 
1875984 
1875985 
1875986 
1875987 
1875989 
1875991 
1875997 
1875998 
1876000 
1876004 
1876006 
1876008 
1876009 
1876010 
1876011 
1876012 
1876013 
1876014 
1876015 
1876016 
1876017 
1876018 
1876019 
1876020 
1876021 
1876023 
1876026 
1876028 
1876029 
1876031 
1876034 
1876036 
1876039 
1876041 
1876043 
1876046 
1876047 
1876048 
1876049 
1876050 
1876051 
1876052 
1876053 
1876055 
1876057 
1876058 
1876059 
1876060 
1876061 
1876062 
1876063 
1876064 
1876065 
1876066 
1876067 
1876069 
1876070 
1876071 
1876072 
1876073 
1876074 
1876075 
2334828 
1876076 
2334829 
1876077 
2334830 
1876078 
1876079 
1876080 
1876081 
1876082 
1876083 
1876084 
1876085 
1876086 
1876087 
1876088 
1876089 
1876090 
1876091 
1876092 
1876093 
1876094 
1876095 
1876097 
1876098 
1876099 
1876100 
1876101 
1876103 
1876105 
1876106 
1876107 
1876108 
1876109 
1876111 
1876113 
1876114 
1876115 
1876116 
1876117 
1876118 
1876119 
1876120 
1876121 
1876122 
1876123 
2334876 
2334877 
1876125 
1876126 
1876127 
1876128 
1876129 
1876130 
1876131 
1876132 
1876133 
1876135 
1876137 
1876138 
1876139 
1876140 
1876141 
1876142 
1876147 
1876149 
1876150 
1876151 
1876154 
1876155 
1876156 
1876157 
1876158 
1876159 
1876160 
1876161 
1876162 
1876163 
1876164 
1876165 
1876166 
1876172 
1876173 
1876174 
1876175 
1876176 
1876177 
1876178 
1876179 
1876180 
1876181 
1876182 
1876183 
1876184 
1876185 
1876186 
1876187 
1876188 
1876189 
1876190 
1876191 
1876192 
1876193 
1876194 
1876195 
1876196 
1876197 
1876198 
1876199 
1876200 
1876202 
1876204 
1876205 
1876206 
1876207 
1876208 
1876210 
1876212 
1876213 
1876214 
1941751 
1876215 
1876216 
1876217 
1876218 
1876219 
1876221 
1876222 
1876224 
1876226 
1941763 
1876227 
1941764 
1876228 
1941765 
1876229 
1876230 
1941767 
1876231 
1876232 
1876234 
1876236 
1876237 
1876238 
1876240 
1876241 
1876242 
1876243 
1876244 
1876245 
1876246 
1876248 
1876250 
1876251 
1876254 
1876255 
1876256 
1876257 
1876258 
1876259 
1876260 
1876261 
1876264 
1876265 
1876266 
1876267 
2335020 
1876268 
2335021 
1876269 
1876270 
1876271 
1876272 
1876273 
1876274 
1876275 
1876276 
1876277 
1876278 
1876279 
1876280 
1876281 
1876282 
1876283 
1876284 
1876285 
1876286 
1876287 
1876288 
1876289 
1876290 
1876291 
1876292 
1876294 
1876296 
1876297 
1876298 
1876299 
1876300 
1876301 
1876302 
1876303 
1876304 
1876305 
1876306 
1876308 
1876310 
1876311 
1876312 
1876313 
1876314 
1876315 
2335068 
1876316 
1876317 
1876318 
1876319 
1876320 
1876321 
1876322 
1876323 
1876324 
1876325 
1876326 
1876327 
1876328 
1876329 
1876331 
1876333 
1876335 
1876336 
1941873 
1876337 
1876338 
1876339 
1876340 
1876341 
1876342 
1876343 
1876344 
1876345 
1876346 
1876347 
1876348 
1876349 
1876350 
1876351 
1876352 
1876353 
1876354 
1876355 
1876356 
1876357 
1876358 
1876360 
1876361 
1876362 
1876363 
1876364 
1876366 
1876368 
1876369 
1876370 
1876371 
1876372 
1876374 
1876376 
1876377 
1876378 
1876379 
2269596 
1876380 
1876381 
1876382 
1876383 
1876384 
1876385 
1876386 
1876388 
1876389 
1876390 
1876391 
1876392 
1876393 
1876394 
1876395 
1876396 
1876398 
1876400 
1876401 
1876402 
1876403 
2269620 
1876404 
1876405 
1876406 
1876407 
1876408 
1876409 
1876410 
1876412 
1876413 
1876414 
1876416 
1876417 
1876418 
1876419 
1876420 
1876421 
1876422 
1876423 
1876424 
1876425 
1876426 
1876427 
1876428 
1876429 
1876430 
1876431 
1876432 
1876433 
1876434 
1876435 
1876436 
1876437 
1876438 
1876439 
1876440 
1876441 
1876442 
1876443 
1876444 
1876445 
1876446 
1876447 
1876448 
1876449 
1876450 
1876451 
2269668 
1876452 
1876454 
1876456 
1876457 
1876458 
1876459 
1876460 
1876461 
1876462 
1876463 
1876464 
1876465 
1876466 
1876468 
1876469 
1876470 
1876471 
1876472 
1876473 
1876474 
1876475 
2269692 
1876476 
1876477 
1876478 
1876479 
1876480 
1876481 
1876482 
1876483 
1876484 
1876485 
1876487 
1876489 
1876491 
1876492 
1876493 
1876494 
1876495 
2269740 
1876542 
1876544 
1876545 
1876546 
1876547 
1876548 
2269812 
1876607 
1876608 
1876609 
1876610 
1876627 
1876628 
1876635 
1876636 
1876637 
1876638 
1876639 
1876640 
1876641 
1876642 
1876643 
2269860 
1876644 
1876645 
1876646 
1876647 
1876648 
1876649 
1876650 
1876651 
1876652 
1876653 
1876654 
1876655 
1876656 
1876657 
1876658 
1876659 
1876660 
1876661 
1876663 
1876665 
1876666 
1876667 
1876668 
1876669 
1876671 
1876673 
1876674 
1876675 
1876676 
1876677 
1876678 
1876679 
1876680 
1876681 
1876682 
1876683 
1876685 
1876687 
1876688 
1876689 
1876690 
1876691 
1876692 
1876693 
1876695 
1876697 
1876698 
1876699 
1876701 
1876702 
1876703 
1876704 
1876705 
1876706 
1876707 
1876709 
1876711 
1876712 
1876713 
1876714 
1876715 
2269932 
1876716 
1876717 
1876718 
1876719 
1876720 
1876721 
1876722 
1876723 
1876724 
1876725 
1876726 
1876727 
1876728 
1876729 
1876730 
1876731 
1876732 
1876733 
1876734 
1876735 
1876736 
1876737 
1876738 
1876739 
1876740 
1876741 
1876743 
1876745 
1876746 
1876747 
1876748 
1876749 
1876751 
1876753 
1876754 
1876755 
1876756 
1876757 
1876758 
1876759 
1876760 
1876761 
1876762 
1876763 
2269980 
1876765 
1876767 
1876768 
1876769 
1876770 
1876771 
1876772 
1876773 
1876775 
1876777 
1876778 
1876779 
1876781 
1876782 
1876783 
1876784 
1876785 
1876786 
1876787 
2270004 
1876789 
1876791 
1876795 
1876796 
1876797 
1876798 
1876799 
1876800 
1876801 
1876802 
1876803 
1876804 
1876805 
1876806 
1876807 
1876808 
1876809 
1876810 
1876811 
2270028 
1876812 
1876813 
1876814 
1876815 
1876816 
1876817 
1876818 
1876819 
1876820 
1876821 
1876823 
1876825 
1876826 
1876827 
1876828 
1876829 
1876831 
1876833 
1876834 
2270052 
1876836 
1876837 
1876838 
1876839 
1876840 
1876841 
1876842 
1876843 
1876845 
1876846 
1876847 
1876848 
1876849 
1876850 
1876851 
1876852 
1876853 
1876855 
1876857 
1876858 
1876859 
2270076 
1876860 
1876861 
1876862 
1876863 
1876864 
1876865 
1876866 
1876867 
1876869 
1876870 
1876871 
1876872 
1876873 
1876874 
1876875 
1876876 
1876877 
1876878 
1876879 
1876880 
1876881 
1876882 
1876883 
1876884 
1876885 
1876886 
1876887 
1876888 
1876897 
1876898 
1876899 
1876900 
1876901 
1876902 
1876903 
1876904 
1876905 
1876906 
1876907 
2270124 
1876908 
1876909 
1876911 
1876913 
1876914 
1876915 
1876916 
1876917 
1876919 
1876921 
1876922 
1876923 
1876924 
1876925 
1876926 
1876927 
1876928 
1876929 
1876930 
1876931 
1876933 
1876934 
1876935 
1876936 
1876937 
1876938 
1876939 
1876940 
1876941 
1876943 
1876945 
1876946 
1876947 
1876948 
1876949 
1876950 
1876955 
2270172 
1876957 
1876958 
1876959 
1876960 
2270196 
2270220 
1877008 
1877009 
1877010 
1877011 
1877012 
1877013 
1877014 
2270244 
1877074 
1877075 
1877076 
1877077 
1877078 
1877079 
1877082 
1877083 
1877084 
1877085 
1877086 
1877087 
1877088 
1877089 
1877103 
1877104 
1877105 
1877106 
1877107 
1877108 
1877109 
1877110 
1877111 
1877112 
1877113 
1877114 
1877115 
1877116 
1877117 
1877118 
1877124 
1877125 
1877126 
1877127 
1877128 
1877130 
1877132 
1877133 
1877134 
1877135 
1877136 
1877138 
1877140 
1877141 
1877142 
1877143 
1877144 
1877145 
1877146 
1877147 
1877149 
1877150 
1877152 
1877154 
1877155 
1877156 
1877157 
1877158 
1877159 
1877160 
1877162 
1877164 
1877165 
1877166 
1877168 
1877169 
1877170 
1877171 
2270388 
1877172 
1877173 
1877174 
1877176 
1877178 
1877179 
1877187 
1877188 
1877189 
1877190 
1877191 
1877192 
1877193 
1877194 
1877195 
1877196 
1877197 
1877198 
1877199 
1877200 
1877201 
1877202 
1877203 
1877204 
1877205 
1877206 
1877207 
1877208 
1877209 
1877210 
1877211 
1877212 
1877213 
1877214 
1877215 
1877217 
1877219 
2270436 
1877220 
1877221 
1877222 
1877223 
1877225 
1877227 
1877228 
1877229 
1877230 
1877231 
1877232 
1877233 
1877234 
1877235 
1877236 
1877237 
1877239 
1877241 
1877242 
1877243 
2270460 
1877244 
1877245 
1877246 
1877247 
1877249 
1877251 
1877252 
1877253 
1877255 
1877256 
1877257 
1877258 
1877259 
2204940 
1877260 
1877261 
1877263 
1877265 
1877267 
1877268 
1877269 
1877270 
1877271 
1877272 
1877273 
1877274 
1877275 
1877276 
1877277 
1877278 
1877279 
1877280 
1877281 
1877282 
1877289 
1877290 
1877291 
1877292 
1877293 
1877294 
1877295 
1877296 
1877297 
1877298 
1877299 
1877300 
1877301 
1877303 
1877305 
1877306 
1877307 
2204988 
1877308 
1877309 
1877311 
1877313 
1877314 
1877315 
1877316 
1877317 
1877318 
1877319 
1877320 
1877321 
1877322 
1877323 
1877325 
1877326 
1877327 
1877328 
1877329 
1877330 
1877331 
1877332 
1877333 
1877335 
1877337 
1877338 
1877339 
2270556 
1877340 
1877341 
1877342 
1877343 
1877344 
1877345 
1877346 
1877347 
1877349 
1877350 
1877351 
1877352 
1877363 
2270580 
1877364 
1877365 
1877366 
1877367 
1877368 
1877369 
1877370 
1877371 
1877372 
1877373 
1877374 
1877375 
1877376 
1877377 
1877378 
1877383 
1877384 
1877385 
1877386 
1877387 
2270604 
1877388 
1877389 
1877390 
1877391 
1877392 
1877393 
1877394 
1877395 
1877397 
1877399 
1877400 
1877401 
1877402 
1877403 
1877405 
1877407 
1877408 
1877409 
1877410 
1877411 
1877412 
1877413 
1877414 
1877415 
1877416 
1877417 
1877419 
1877420 
1877421 
1877422 
1877423 
1877424 
1877425 
1877426 
1877427 
1877429 
1877431 
1877432 
1877433 
1877434 
1877435 
1877436 
1877441 
1877443 
1877444 
1877445 
1877448 
1877449 
1877450 
2205132 
1877452 
1877454 
2205156 
1877483 
1877489 
1877490 
1877491 
1877492 
1877493 
1877494 
1877495 
1877496 
2205180 
1877504 
1877505 
1877506 
1877507 
2270724 
1877508 
1877509 
1877510 
1877511 
1877516 
1877517 
1877518 
1877519 
1877520 
1877522 
1877529 
1877530 
1877531 
1877532 
1877533 
1877535 
1877537 
1877538 
1877539 
1877540 
1877541 
1877543 
1877545 
1877546 
1877547 
1877548 
1877549 
1877550 
1877551 
1877552 
1877554 
1877555 
1877557 
1877559 
1877560 
1877561 
1877562 
1877563 
1877564 
1877565 
1877567 
1877569 
1877570 
1877571 
2205252 
1877573 
1877574 
1877575 
1877576 
1877577 
1877578 
1877584 
1877590 
1877591 
1877592 
1877597 
1877599 
1877609 
1877612 
1877613 
1877614 
1877615 
1877616 
1877617 
1877629 
1877630 
1877631 
1877632 
1877633 
1877634 
1877635 
1877636 
1877637 
1877638 
1877639 
1877640 
1877641 
1877642 
1877643 
2205324 
1877644 
1877649 
1877650 
1877651 
1877652 
1877653 
1877655 
1877657 
1877658 
1877659 
1877660 
1877661 
1877663 
1877665 
1877666 
1877667 
1877668 
1877669 
1877671 
1877673 
1877674 
1877675 
1877676 
1877677 
1877678 
1877679 
1877680 
1877681 
1877682 
1877683 
1877685 
1877686 
1877687 
1877688 
1877689 
1877690 
1877691 
1877692 
1877693 
1877695 
1877697 
1877698 
1877699 
3843780 
1877700 
1877701 
1877702 
1877703 
1877706 
1877707 
1877709 
1877710 
1877711 
1877720 
1877721 
1877722 
1877726 
1877728 
1877732 
1877738 
1877739 
1877740 
1877741 
1877742 
1877743 
1877747 
2270964 
2271012 
1877798 
1877800 
2271036 
2139972 
2140020 
2140044 
2271132 
2271156 
2140092 
2205636 
2140116 
2205660 
2140140 
1878011 
1878013 
2140164 
2140188 
2205732 
2140212 
2271300 
2140236 
1878193 
1878195 
1878201 
1878203 
1878225 
1878227 
1878233 
1878235 
2140404 
2271564 
2271588 
1878383 
2271636 
2271660 
2271708 
2140644 
2140668 
2140692 
2206284 
2271828 
2140764 
2140788 
2271876 
2140836 
2271948 
2140884 
2271996 
2140932 
2272020 
2272044 
2272068 
1878858 
1878860 
1878866 
1878868 
2272092 
1878890 
1878892 
1878898 
2272116 
1878900 
2272164 
2272188 
2141124 
2272212 
2141148 
2272236 
2141172 
1879031 
2272260 
2141244 
2141268 
2272356 
2141316 
2272404 
2141364 
2272452 
2141388 
2272476 
2141436 
2141460 
2141484 
2272572 
2141508 
2272596 
2141532 
2272620 
2141556 
1879449 
1879494 
2272740 
2141748 
2272980 
2273028 
2141988 
2142012 
2142036 
2273148 
2273172 
2142108 
2142132 
2273220 
2142180 
2142228 
2273316 
2142276 
2273532 
2142468 
2273556 
2142492 
2142516 
2273604 
2273628 
2142588 
2273676 
2142612 
2142660 
2273748 
2142708 
2273796 
2142732 
2142780 
2273868 
2142804 
2142828 
2273916 
2142852 
2273940 
2142876 
2273964 
2142900 
2273988 
2274012 
2274060 
2274108 
2274132 
2274156 
2274180 
2143140 
2274324 
2274372 
2274396 
2143332 
2143356 
2143380 
2143452 
2143476 
2274612 
2143572 
2143620 
2274780 
2274804 
2274828 
2143812 
2274900 
2143836 
2143860 
2274948 
2274972 
2143932 
2143956 
2144004 
2144052 
2144076 
2275188 
2144124 
2144148 
2144172 
2144196 
2144220 
2144244 
2275356 
2275380 
2275452 
2275476 
2275524 
2275548 
2144484 
2275596 
1882401 
1882407 
2275668 
2275716 
2144676 
2144700 
2275788 
2144724 
2275836 
2275860 
2144796 
2275884 
2144820 
2275908 
2275932 
2275956 
2144916 
2276004 
2276028 
2144964 
2276052 
2276076 
2276100 
2276196 
2145156 
2276244 
2145180 
2145204 
2276292 
2276316 
2145276 
2145300 
2276532 
2538708 
2276700 
2276724 
2276748 
2276820 
2276868 
2277108 
2277276 
2277300 
2277348 
3131268 
3131292 
3131293 
2214516 
2214804 
2214852 
2214876 
2214996 
2215044 
1887375 
1887382 
1887383 
1887385 
1887386 
2280708 
2280756 
2280804 
1887634 
2280852 
1887653 
2280876 
2280924 
2280996 
2281044 
2281068 
2281092 
2281116 
2281140 
2281188 
2281236 
2281260 
2281284 
2281308 
1888157 
2215932 
2215956 
2281524 
2216004 
2216028 
2216076 
2281644 
2281668 
2216148 
2216316 
2216340 
2216388 
2216412 
2216460 
2282028 
2216532 
2282076 
2282100 
2282196 
2282220 
2151228 
2151276 
2282364 
2151300 
2151348 
2151372 
2151396 
2151420 
2151444 
2151468 
2282580 
2282604 
2282652 
2282676 
2282724 
2151660 
2282796 
2282844 
2282916 
2282964 
2151900 
2282988 
2151924 
2283012 
2151948 
2283036 
2283060 
2152020 
2283108 
2152044 
2283156 
2283180 
2283204 
2283228 
2152188 
2283372 
2283420 
2283444 
2152380 
2152404 
2152428 
2283540 
2283564 
2152500 
2283588 
2283708 
2152716 
2283948 
2152908 
2283996 
2284020 
2152956 
3136068 
3136069 
2284116 
3136092 
3136093 
3136094 
2284140 
2153076 
2153124 
2153148 
2153196 
2284284 
2153220 
2153244 
2153268 
2153292 
3136356 
2153316 
3136357 
3136358 
3136380 
3136381 
3136382 
2284548 
2284596 
2153556 
2284716 
2284764 
2153748 
2284836 
2153772 
2153796 
2284884 
2284908 
2284932 
2153868 
2284956 
2153892 
2284980 
2285028 
2153988 
2285076 
2219556 
2285100 
2285124 
2285148 
3137148 
3137149 
3137150 
3137172 
3137173 
3137174 
2154252 
2154276 
2285364 
2219844 
3137388 
2154348 
3137389 
2219892 
3137412 
3137413 
2219988 
2220036 
2285580 
2220180 
2220228 
2285772 
2285796 
2154756 
2220300 
2220324 
2285868 
2154804 
2285916 
2285940 
2286156 
2286324 
2286348 
2286420 
2286444 
2286492 
2286516 
2286564 
2286636 
2286684 
2286756 
2221236 
2221284 
2221428 
2221452 
2286996 
2221476 
2287020 
2287044 
2287068 
2221548 
2287092 
2221572 
2287140 
2221620 
2287188 
2287212 
2287236 
2221716 
2287260 
2221764 
1894142 
1894145 
2287404 
2221908 
2287452 
2221932 
2287476 
2221956 
1894337 
1894340 
1894347 
2222028 
1894348 
1894350 
1894351 
2222052 
1894373 
1894374 
1894376 
1894383 
1894386 
2222076 
2222100 
2222148 
2287692 
1894477 
2222172 
2222220 
2222292 
2287860 
2287884 
2287908 
2287980 
2222460 
2222484 
2288028 
2222508 
2288052 
2222532 
2222556 
2222604 
3140148 
2222676 
2288268 
2288436 
2288460 
1895647 
1895759 
2223612 
2223636 
2223684 
2223708 
2223756 
2223828 
2223996 
2224020 
2224044 
2224068 
2224092 
2224116 
2224164 
2224212 
2224308 
2224356 
1897150 
1897152 
1897158 
2224932 
2224980 
2225028 
2225124 
2291436 
2291460 
2291508 
2291532 
2291580 
2291964 
2292012 
2292084 
2292132 
2292156 
2292180 
2292204 
2292228 
2292276 
2292444 
2292468 
2292492 
2292516 
2292660 
2292708 
2292732 
2227260 
2292828 
2227308 
2292852 
2292876 
1899667 
1899755 
2227452 
2292996 
2227476 
2227500 
2227572 
2227596 
2227644 
2293236 
2227740 
2293284 
2293308 
2227788 
2293404 
2293428 
2227932 
2227956 
2227980 
2293572 
2228052 
2228076 
)

// ************************************************************************* //
