/*--------------------------------*- C++ -*----------------------------------*\
| =========                 |                                                 |
| \\      /  F ield         | OpenFOAM: The Open Source CFD Toolbox           |
|  \\    /   O peration     | Version:  4.1                                   |
|   \\  /    A nd           | Web:      www.OpenFOAM.org                      |
|    \\/     M anipulation  |                                                 |
\*---------------------------------------------------------------------------*/
FoamFile
{
    version     2.0;
    format      ascii;
    class       faceSet;
    location    "constant/polyMesh/sets";
    object      nonOrthoFaces;
}
// * * * * * * * * * * * * * * * * * * * * * * * * * * * * * * * * * * * * * //


2225
(
9307621 
9307625 
9307626 
9307630 
9307631 
9307635 
9307636 
9307640 
9307641 
9307645 
9307646 
9307650 
9307651 
9307655 
9307656 
9307660 
9307661 
9307665 
9307666 
9307671 
9307676 
9307681 
9307686 
9307748 
9307752 
9307756 
9307760 
9307764 
9307768 
9307772 
9307776 
9307780 
9307835 
9307837 
9307839 
9307841 
9307843 
9307845 
9307847 
9307849 
9307851 
9307853 
9307855 
9307857 
9307859 
9307861 
9307863 
9307929 
9307930 
9307931 
9307932 
9307933 
9307934 
9307935 
9307936 
9307937 
9307938 
9307939 
9307940 
9307941 
9307942 
9307943 
9307944 
9307945 
9307946 
9307947 
10621635 
10621639 
10621643 
10621647 
10621651 
5774062 
10362524 
10362528 
10362532 
10362536 
10362540 
10362544 
10362548 
10362552 
10362556 
10362560 
10362564 
10362568 
10362572 
10362576 
10362580 
10362584 
11412381 
11412382 
11412383 
11412384 
11412385 
11412386 
11412387 
11412388 
11412389 
11412680 
11412681 
11412682 
11412683 
11412684 
11412685 
11412703 
11412704 
11412705 
11412706 
11412707 
11412708 
11412709 
11412710 
11412711 
11412712 
11412713 
11412714 
11412715 
11412716 
11412717 
11412718 
11412887 
11412888 
11412889 
11412890 
11413025 
11413026 
11413027 
11413117 
11413118 
11413119 
11413140 
11413141 
11413142 
11413143 
11413144 
11413145 
11413146 
11413147 
11413148 
11413149 
11413301 
11413302 
11413303 
11413304 
11413347 
11413348 
11413349 
11413577 
11413578 
11413579 
11413580 
11413715 
11413716 
11413853 
11413854 
11413855 
11413856 
5777931 
5777933 
11414384 
11414385 
11414386 
11414387 
11414388 
11414389 
5783280 
5783286 
5783295 
5783296 
5783299 
5783300 
5784094 
5784714 
5784939 
9323896 
9323901 
9323906 
5784968 
5785135 
5785136 
5785142 
5785145 
9324461 
9324462 
9324464 
9324465 
9324467 
9324468 
9324470 
9324471 
9324473 
9324474 
9324476 
9324477 
9324479 
9324480 
9324482 
9324483 
9324485 
9324486 
9324488 
9324489 
9324491 
9324492 
9324494 
9324495 
9324497 
9324498 
9324501 
9324504 
5654678 
5654680 
5654681 
5654682 
5654683 
5785823 
5785844 
5785845 
5785860 
5785861 
9324839 
9324840 
9324842 
9324843 
9324845 
9324846 
9324848 
9324849 
9324851 
9324852 
9324854 
9324855 
9324857 
9324858 
9324860 
9324861 
9324863 
9324864 
9324866 
9324867 
9324869 
9324870 
9324873 
9324876 
9324879 
9324882 
9324885 
9324888 
5786039 
5786040 
5786044 
5786046 
5786047 
11163014 
11163016 
11163017 
11163019 
11163020 
11163022 
11163023 
11163025 
11163028 
11163031 
11163034 
11163037 
11163040 
11163043 
11163046 
11163049 
11163052 
11163055 
11163058 
11163061 
11163064 
11163067 
11163070 
11163073 
11163086 
11163089 
11163159 
11163163 
11163167 
11163171 
11163175 
11163179 
11163183 
11163187 
11163191 
11163195 
11163199 
11163203 
11163207 
11163211 
11163215 
9329073 
9329074 
9329076 
9329077 
9329079 
9329080 
9329082 
9329083 
9329085 
9329086 
9329088 
9329089 
9329091 
9329092 
9329094 
9329095 
9329097 
9329098 
9329100 
9329101 
9329103 
9329104 
9329107 
9329110 
9329113 
9329116 
9329119 
9329122 
9329146 
9329150 
9329154 
9329158 
9329162 
9329166 
9329170 
9329174 
9329178 
9329182 
9329186 
9329190 
9329194 
9329198 
9329202 
9329206 
9329239 
9329240 
9329242 
9329243 
9329245 
9329246 
9329248 
9329249 
9329251 
9329252 
9329254 
9329255 
9329257 
9329258 
9329260 
9329261 
9329263 
9329264 
9329266 
9329267 
9329269 
9329270 
9329272 
9329273 
9329276 
9329279 
9329282 
9329285 
10509022 
10509026 
10509030 
10509034 
10509101 
10509103 
10509105 
10509107 
10509109 
10509111 
10509113 
10509115 
10509117 
10509119 
10509121 
7102723 
7102724 
7102727 
7102728 
7102731 
7102732 
7102735 
7102736 
7102739 
7102740 
7102743 
7102744 
7102747 
5792908 
5792909 
5792910 
5792912 
5792913 
7497392 
7497397 
7497402 
7497407 
7497412 
7497417 
7497422 
7497427 
9988737 
9988740 
9988743 
9988746 
9988749 
9988752 
9988755 
9988758 
9988761 
9988764 
9988767 
9988770 
9988773 
9988776 
9988779 
9988782 
9988785 
9988924 
9988925 
9988927 
9988928 
9988930 
9988931 
9988933 
9988934 
9988936 
9988937 
9988939 
9988940 
9988942 
9988943 
9988945 
9988946 
9988948 
9988949 
9988951 
9988952 
9988954 
9988955 
9988958 
9988961 
9988964 
9988967 
9988970 
9988973 
7498694 
7498697 
7498698 
7498701 
7498702 
7498705 
7498706 
7498709 
7498710 
7498713 
7498714 
7498717 
7498718 
7498721 
7498722 
7498725 
7498726 
7498729 
7498733 
7498737 
7498741 
7498745 
7498749 
7498753 
7498757 
7498761 
9989207 
9989210 
9989214 
9989218 
9989222 
9989226 
9989230 
9989234 
9989238 
9989242 
9989246 
9989250 
9989254 
9989258 
9989262 
9989266 
9989270 
5794993 
9989303 
9989304 
9989306 
9989307 
9989309 
9989310 
9989312 
9989313 
9989315 
9989316 
9989318 
9989319 
9989321 
9989322 
9989324 
9989325 
9989327 
9989328 
9989330 
9989331 
9989333 
9989334 
9989336 
9989337 
9989340 
9989343 
9989346 
9989349 
9989352 
9989397 
9989398 
9989400 
9989401 
9989403 
9989404 
9989406 
9989407 
9989409 
9989410 
9989412 
9989413 
9989415 
9989416 
9989418 
9989419 
9989421 
9989422 
9989424 
9989425 
9989427 
9989428 
9989431 
9989434 
9989437 
9989440 
9989443 
10254019 
10254022 
10254025 
10254028 
10254031 
10254034 
10254037 
10254040 
10254090 
10254092 
10254094 
10254096 
10254098 
10254100 
10254102 
11171816 
11171817 
11171818 
11171819 
11171820 
11171821 
11171822 
11171823 
11171824 
11171825 
11171826 
11171827 
11171828 
11171829 
11171830 
11171831 
11171832 
11171833 
11171834 
11171835 
11171836 
11171837 
11171838 
11171839 
11171841 
11171843 
11171845 
11171847 
11171849 
11171851 
10516601 
10516605 
10516609 
10516613 
10516617 
10516621 
10516625 
10516629 
10516633 
10516637 
10516641 
10516645 
10516649 
10516653 
10516657 
10255555 
10255557 
10255558 
10255560 
10255561 
10255563 
10255564 
10255567 
10255570 
10255573 
10255576 
10255579 
10255582 
10255585 
10255588 
10255626 
10255627 
10255628 
10255629 
10255630 
10255631 
10255632 
10255633 
10255635 
10255637 
10255639 
8424726 
8424728 
8424730 
8424732 
8424734 
8424736 
8424738 
8424740 
8424742 
8424744 
8424746 
5804365 
5804366 
5804368 
5804369 
7116581 
7116585 
7116589 
7116593 
7116597 
7116601 
7116605 
7116609 
7116613 
7116617 
7116621 
7116625 
7116629 
7116919 
7116922 
7116925 
7116928 
7116931 
7116934 
7116937 
7116940 
7116943 
5677470 
5677471 
5678031 
5678032 
5678034 
5678035 
5678037 
5678038 
5678039 
5678040 
5678207 
7513435 
5678722 
5678723 
5678816 
10398542 
10398544 
10398545 
10398547 
10398548 
10398550 
10398551 
10398553 
10398554 
10398556 
10398557 
10398559 
10398560 
10398562 
10398563 
10398565 
10398566 
10398568 
10398569 
10398571 
10398572 
10398574 
10398575 
10398577 
10398578 
10398580 
10398581 
10398583 
10398584 
10398586 
10398589 
10398592 
10398595 
10398598 
5811522 
5811531 
7910051 
7910054 
7910057 
7910060 
7910063 
7910066 
7910069 
7910122 
7910124 
7910126 
7910128 
7910130 
5813923 
5813930 
5813931 
5813936 
5813944 
5813945 
5813946 
5813947 
5813950 
5813951 
8436200 
8436203 
8436206 
8436209 
8436212 
8436215 
8436218 
8436221 
8436224 
8436227 
8436230 
8436233 
8436236 
8436239 
8436271 
8436274 
8436277 
8436280 
8436283 
8436286 
8436289 
8436292 
8436295 
8436298 
8436301 
8436304 
8436307 
5815963 
5815965 
5815966 
10145942 
10145944 
10145945 
10145947 
10145948 
5820572 
10145950 
10145951 
10145953 
10145954 
10145956 
10145957 
10145959 
10145960 
10145962 
10145965 
10145968 
10145971 
10145974 
10145977 
10145980 
10145983 
10145986 
10145989 
10145992 
5820749 
5820752 
9491558 
9491560 
9491561 
9491562 
9491564 
9491565 
9491566 
9491568 
9491569 
9491570 
9491572 
9491573 
9491574 
9491576 
9491577 
9491578 
9491581 
9491582 
9491585 
9491586 
9491590 
9491594 
9491598 
9491602 
9491606 
9491653 
9491655 
9491656 
9491658 
9491659 
9491661 
9491662 
9491665 
9491668 
9491671 
9491674 
9491677 
9491680 
9491683 
9491686 
9491689 
5691924 
5691927 
5692554 
11328708 
11328710 
11328712 
11328714 
11328716 
11328718 
11328720 
11328722 
11328724 
11328726 
11328728 
11328730 
10150131 
10150135 
10150139 
10150143 
10150147 
10150151 
10150155 
10150159 
5825148 
5825150 
5825212 
5825213 
5825214 
5825215 
11331893 
11331894 
11331895 
11331896 
11331897 
11331898 
5827659 
5827812 
5827926 
5827927 
5827931 
5827932 
5827933 
5827934 
6221309 
6221311 
6221313 
6221315 
6221317 
6221319 
6221321 
6221323 
6221325 
6221327 
6221329 
6221331 
6221333 
6221335 
6221337 
6221339 
6221341 
6221343 
6221345 
6221347 
6221349 
6221353 
6221404 
6221405 
6221406 
6221407 
6221408 
6221409 
6221410 
6221411 
6221413 
6221414 
6221416 
6221417 
6221419 
6221420 
6221422 
6221423 
6221425 
6221428 
6221431 
6221434 
5829053 
5829112 
5829199 
5829376 
5829735 
11334821 
11334822 
11334823 
11334824 
11334825 
11334826 
11334936 
11334938 
11334940 
11334942 
11334944 
11334946 
11334948 
11334950 
11334952 
11334954 
11334956 
11334958 
11334983 
11334984 
11334985 
11334986 
11334987 
11334988 
11334989 
11334990 
11334991 
11334992 
11334993 
9762612 
9762615 
9762616 
9762619 
9762620 
9762623 
9762624 
9762627 
9762628 
9762631 
9762632 
9762635 
9762636 
9762639 
9762640 
9762644 
9762707 
9762709 
9762710 
9762712 
9762713 
9762715 
9762716 
9762718 
9762719 
9762721 
9762722 
9762724 
9762725 
9762727 
9762728 
9762730 
9762731 
9762733 
9762736 
5831256 
5831257 
7535831 
7535835 
7535839 
10943714 
7535843 
10943716 
10943717 
10943719 
7535847 
10943720 
7535848 
10943722 
10943723 
7535851 
7535852 
10943725 
10943726 
7535855 
10943728 
7535856 
10943729 
10943731 
7535859 
10943732 
10943734 
10943735 
7535863 
10943737 
10943738 
7535867 
10943740 
10943741 
7535871 
7535875 
7535879 
10943975 
10943976 
10943977 
10943978 
10943979 
10943980 
10943981 
10943982 
10943983 
10943984 
10943985 
10943986 
10943987 
10943989 
10943991 
5701230 
5701231 
5701242 
5701249 
5701250 
5834018 
5834099 
5834101 
5834102 
5834105 
5834383 
5834384 
7407821 
7407824 
7407827 
7407830 
7407833 
7407836 
7407839 
7407842 
7407845 
7407848 
7407851 
7407901 
7407904 
7407907 
7407910 
7407913 
7407916 
7407919 
5835930 
5704863 
5836248 
5705636 
5705655 
5706987 
5706991 
5706996 
5708601 
5708657 
5708658 
5709278 
5840689 
5710226 
10036954 
10036958 
10036962 
10036966 
10036970 
10036974 
10036978 
10036982 
10036986 
10036990 
10036994 
10036998 
10037002 
10037006 
10037010 
10037014 
10037047 
10037048 
10037050 
10037051 
10037053 
10037054 
10037056 
10037057 
10037059 
10037060 
10037062 
10037063 
10037065 
10037066 
10037068 
10037069 
10037071 
10037072 
10037074 
10037075 
10037077 
10037078 
10037080 
10037081 
10037084 
10037087 
10037090 
10037093 
6760668 
6760669 
6760670 
6760671 
6760672 
6760673 
6760674 
6760675 
6760676 
6760677 
6760678 
6760679 
6760680 
6760681 
6760682 
6760683 
6760684 
6760685 
6760686 
6760687 
6760688 
6760689 
5843792 
5843813 
5843814 
5844140 
5844811 
10695525 
10695526 
10695527 
10695528 
10695529 
10695530 
10695531 
10695532 
10695533 
10695534 
10695535 
10695536 
10695537 
10695538 
10695539 
10695540 
10695541 
10695542 
10695543 
10695544 
10695545 
10695546 
10695547 
10695548 
10695549 
10695550 
10695551 
10695552 
10695554 
10695556 
10695558 
10695560 
10695562 
10961581 
10961582 
10961583 
10961584 
10961585 
10961586 
10961587 
10961588 
10961589 
10961590 
10961591 
10961592 
10961593 
10961594 
10961595 
10961596 
10961597 
10961598 
10961599 
10961600 
10961601 
10961602 
10961603 
10961604 
10961605 
10961607 
10961609 
10961611 
10961613 
10962928 
10962931 
10962933 
10962936 
10962939 
10962942 
10962945 
10962948 
10962951 
10962954 
10962957 
10703184 
10703188 
10703192 
10703196 
10703200 
10703204 
5854307 
5854308 
5854317 
5854318 
7427237 
7427241 
7427245 
7427249 
7427253 
7427257 
10966351 
10966352 
10966353 
10966354 
10966355 
10966356 
10966357 
10966358 
10966359 
5723509 
5723593 
5723594 
5723595 
5723596 
5723597 
7427687 
7427690 
7427693 
7427696 
7427699 
7427702 
7427705 
7427708 
7427711 
7427714 
7427717 
7427720 
7427723 
7427726 
7427729 
7427732 
7427735 
7427738 
7427741 
7427744 
7427747 
5855061 
5855062 
5855118 
5855536 
9263788 
9263791 
9263794 
9263797 
9263800 
9263803 
9263806 
9263809 
9263812 
9263815 
9263818 
9263821 
9263824 
9263827 
9263830 
9263833 
9263836 
9263884 
9264165 
9264166 
9264168 
9264169 
9264171 
9264172 
9264174 
9264175 
9264177 
9264178 
9264180 
9264181 
9264183 
9264184 
9264186 
9264187 
9264189 
9264190 
9264192 
9264193 
9264195 
9264196 
9264198 
9264199 
9264201 
9264202 
9264205 
9264208 
9264211 
9264259 
9264260 
9264262 
9264263 
6773896 
9264265 
9264266 
6773899 
9264268 
6773900 
9264269 
9264271 
6773903 
9264272 
6773904 
9264274 
9264275 
6773907 
6773908 
9264277 
9264278 
6773911 
9264280 
6773912 
9264281 
9264283 
6773915 
9264284 
6773916 
9264286 
9264287 
6773919 
6773920 
9264289 
9264290 
6773923 
6773924 
9264293 
6773927 
9264296 
6773928 
9264299 
6773931 
6773932 
9264302 
6773935 
6773936 
9264305 
6773940 
6773991 
6773993 
6773994 
6773996 
6773997 
6773999 
6774000 
6774002 
6774003 
6774005 
6774006 
6774008 
6774009 
6774011 
6774012 
6774015 
6774018 
6774021 
6774062 
6774064 
6774065 
6774067 
6774068 
6774070 
6774071 
6774073 
6774074 
6774076 
6774077 
6774079 
6774080 
6774082 
6774083 
6774085 
6774086 
6774088 
6774089 
6774091 
6774092 
6774095 
6774133 
6774134 
6774135 
6774136 
6774137 
6774138 
6774139 
6774140 
6774141 
6774142 
6774143 
6774144 
6774145 
6774146 
6774147 
6774149 
6774151 
6774153 
10313436 
10313439 
10313442 
10313445 
10313448 
10313451 
10313454 
10313457 
10313460 
10313463 
10313466 
10313469 
10313472 
10313475 
10313478 
10313481 
10313484 
5726053 
5726055 
8218696 
8218698 
8218700 
8218702 
8218704 
8218706 
8218708 
8218710 
8218714 
8218718 
8218722 
8218726 
8218730 
8218734 
8218738 
9137189 
9137192 
9137195 
9137198 
9137201 
9137204 
9137207 
9137260 
9137262 
9137264 
9137266 
9137268 
6778107 
6778108 
6778109 
10317054 
6778110 
6778111 
6778112 
10317057 
6778113 
6778114 
6778115 
10317060 
6778116 
10317063 
10317066 
10317069 
10317072 
10317075 
10317078 
10317081 
10317084 
10317087 
10317090 
10317093 
10317096 
10317099 
10317102 
10972783 
10972786 
10972789 
10972792 
10972795 
10972798 
10972801 
10972804 
5861881 
5861882 
5862033 
5862042 
10319771 
10319772 
10319774 
10319775 
10319777 
10319778 
10319780 
10319781 
10319783 
10319784 
10319786 
10319787 
10319789 
10319790 
10319792 
10319793 
10319795 
10319796 
10319798 
10319799 
10319802 
10319805 
10319808 
10319811 
10319814 
10319817 
10319820 
10319841 
10319844 
10319848 
10319852 
10319856 
10319860 
10319864 
10319868 
10319872 
10319876 
10319880 
10319884 
10319888 
10319892 
10319896 
10319900 
10319904 
10319937 
10319938 
10319940 
10319941 
10319943 
10319944 
10319946 
10319947 
10319949 
10319950 
10319952 
10319953 
10319955 
10319956 
10319958 
10319959 
10319961 
10319962 
10319964 
10319965 
10319967 
10319968 
10319970 
10319971 
10319974 
10319977 
10319980 
10319983 
10319986 
5863578 
5863580 
5863585 
5863949 
5863950 
5734538 
5734539 
5734540 
5734590 
5735025 
9931889 
9931893 
9931897 
9931901 
9931905 
9931909 
9931913 
9931917 
9931921 
9931925 
9931929 
9931933 
9931937 
9931941 
9931945 
9932126 
9932129 
9932132 
9932135 
9932138 
9932141 
9932144 
9932147 
9932150 
9932153 
9932156 
9932159 
9932162 
9932165 
10719035 
10719038 
10719041 
10719044 
10719047 
10719050 
10719097 
10719099 
10719101 
10719103 
10719105 
10719107 
10719109 
10719111 
10719113 
10719115 
10719117 
10719119 
5739095 
5870587 
5870722 
5870847 
5870853 
5870854 
9540896 
9540900 
9540904 
9540908 
9540912 
9540916 
9540920 
9540924 
9540928 
9540932 
9540936 
9540940 
5739889 
5739891 
8230262 
8230264 
8230266 
8230268 
8230270 
8230272 
8230274 
8230276 
8230278 
8230280 
8230282 
6790261 
6790263 
6790264 
6790266 
6790267 
6790269 
6790270 
6790272 
6790273 
6790275 
6790276 
6790278 
6790279 
6790281 
6790282 
6790284 
6790285 
6790287 
6790288 
6790290 
6790291 
6790293 
5874131 
5874144 
5874145 
5874153 
5874159 
5874164 
5874171 
5874183 
6792511 
6792512 
6792513 
6792514 
6792515 
6792516 
6792517 
6792518 
6792519 
6792520 
9282979 
9282982 
9282985 
9282988 
9282991 
9282994 
9282997 
9283044 
9283046 
9283048 
9283050 
9283052 
9283054 
9283056 
9283058 
9283060 
9283062 
9283064 
9283066 
10463874 
10463877 
10463880 
10463883 
10463886 
10463889 
10463892 
10463895 
10463898 
8237458 
8237461 
8237464 
8237467 
8237470 
8237473 
8237476 
8237479 
8237482 
8237529 
8237531 
8237533 
8237535 
8237537 
8237539 
8237541 
8237543 
8237545 
10465790 
10465793 
10465796 
10465799 
10465802 
10465805 
10465808 
10465811 
10465814 
10465817 
10465820 
10465823 
10465826 
10465829 
10465832 
10465835 
10465838 
10465859 
10465860 
10465861 
10465862 
10465863 
10465864 
10465865 
10465866 
10465867 
10465868 
10465869 
10465870 
10465871 
10465872 
10465873 
10465874 
10465875 
10465876 
10465877 
10465878 
10465880 
10465882 
10465884 
10465886 
10465888 
10465890 
10465892 
10465894 
10465896 
10465954 
10465956 
10465958 
10465960 
10465962 
10465964 
10465966 
10465968 
10465970 
10465972 
10465974 
10465976 
5747803 
5748290 
5748293 
11122871 
11122873 
11122875 
11122877 
11122879 
11122881 
11122918 
11122919 
7322969 
7322970 
7322971 
7322972 
7322973 
7322974 
7322975 
7322976 
7322977 
7322978 
7322979 
7322980 
7322981 
7322982 
7322983 
7322984 
7322985 
7322986 
7322987 
7322988 
7322989 
7322990 
7322991 
7322993 
7323231 
7323234 
7323418 
7323419 
7323420 
7323421 
7323422 
7323423 
7323424 
7323425 
7323426 
7323427 
7323428 
7323429 
7323430 
8110871 
8110872 
8110873 
8110874 
8110875 
8110876 
8110877 
8110878 
8110879 
8110880 
8110881 
8110882 
8110883 
8110884 
8110885 
8110886 
8110887 
8110888 
8110889 
8110890 
8110891 
8110892 
8110893 
8110894 
8110895 
8110896 
8110898 
8110899 
8110901 
8110902 
8110904 
8110907 
8110910 
8110913 
8110916 
8110919 
11126486 
11126489 
11126492 
11126495 
11126498 
11126501 
11126504 
11126507 
11126510 
11126513 
11126699 
11126701 
11126703 
11126705 
11126707 
11126709 
11126711 
11126713 
11126715 
11126717 
11126719 
11126721 
11126723 
11126725 
11126727 
11126729 
11126731 
11126733 
8112078 
11126735 
8112080 
11126737 
8112082 
11126739 
8112084 
8112086 
8112088 
8112090 
8112092 
7849958 
7849960 
7849962 
7849964 
7849966 
7849968 
7849970 
7849972 
7849974 
7849976 
7849978 
7849980 
7849984 
7849988 
7849992 
7849996 
7850000 
10472503 
10472505 
10472506 
10472508 
10472509 
10472511 
10472512 
10472514 
10472515 
10472517 
10472518 
10472520 
10472521 
10472523 
10472524 
10472526 
10472527 
10472529 
10472532 
7851922 
7851925 
7851926 
7851929 
7851930 
7851933 
7851934 
7851937 
7851938 
7851941 
7851942 
7851945 
7851946 
7851949 
7851950 
7851954 
7851958 
7851962 
7851966 
7851970 
7852017 
7852018 
7852019 
7852020 
7852021 
7852022 
7852023 
7852024 
7852025 
7852026 
7852029 
7852032 
7852035 
7852038 
7852041 
7852044 
7852047 
7852050 
7852053 
7459187 
7459191 
7459195 
7459199 
7459203 
7459207 
7459211 
7459215 
7459219 
7459223 
7459227 
7459231 
7459235 
7459239 
7459243 
7459247 
7459251 
7459255 
7459259 
7459263 
7459282 
7459286 
7459290 
7459294 
7459298 
7459302 
7459306 
7459310 
7459314 
7459318 
7459322 
7459326 
7459330 
7459334 
7459338 
7459446 
9297714 
9297717 
9297720 
9297723 
9297726 
9297729 
9297732 
9297735 
9297738 
9297741 
9297744 
9297747 
9297750 
9297753 
9297756 
9297759 
9297762 
10346416 
10346419 
10346422 
10346425 
10346428 
10346431 
10346434 
10346437 
10346440 
10346443 
10346446 
10346449 
10346452 
10346455 
10346458 
10346461 
10346464 
5759051 
10347810 
10347813 
10347816 
10347819 
10347822 
10347825 
10347828 
10347831 
10347834 
10347837 
10347840 
10347843 
10347846 
10347849 
10347852 
10347855 
10347858 
10349845 
10349849 
10349853 
10349857 
10349861 
10349865 
10349869 
10349873 
10349877 
10349881 
10349885 
10349889 
10349893 
10349897 
10349901 
10349905 
7990836 
7990838 
7990840 
7990842 
7990844 
7990846 
7990848 
7990850 
7990852 
7990854 
7990856 
8122353 
8122357 
8122361 
8122365 
8122369 
8122373 
8122377 
8122381 
8122385 
8122389 
8122393 
8122397 
8122401 
8122405 
8122409 
9303056 
9303057 
9303060 
9303061 
9303064 
9303065 
9303068 
9303069 
9303072 
9303073 
9303076 
9303077 
9303080 
9303081 
9303084 
9303085 
9303088 
9303089 
9303092 
9303093 
9303096 
9303097 
9303100 
9303101 
9303104 
9303105 
9303108 
9303112 
9303719 
9303721 
9303723 
9303725 
9303727 
9303729 
9303731 
9303733 
9303735 
9303737 
9303739 
9303741 
10354031 
10354035 
10354039 
10354043 
10354047 
10354051 
10354055 
10354059 
10354063 
10354067 
10354071 
10354075 
10354079 
10354083 
10354087 
10354091 
)

// ************************************************************************* //
