/*--------------------------------*- C++ -*----------------------------------*\
| =========                 |                                                 |
| \\      /  F ield         | OpenFOAM: The Open Source CFD Toolbox           |
|  \\    /   O peration     | Version:  4.1                                   |
|   \\  /    A nd           | Web:      www.OpenFOAM.org                      |
|    \\/     M anipulation  |                                                 |
\*---------------------------------------------------------------------------*/
FoamFile
{
    version     2.0;
    format      ascii;
    class       faceSet;
    location    "constant/polyMesh/sets";
    object      skewFaces;
}
// * * * * * * * * * * * * * * * * * * * * * * * * * * * * * * * * * * * * * //


8988
(
6946818 
6946822 
9306749 
9306754 
9306759 
9306764 
9306769 
9306774 
9306779 
9306784 
9306789 
9306794 
9306799 
9306804 
9306809 
9306814 
9306819 
9306824 
9306829 
9306834 
9306839 
9306844 
8782627 
8782632 
8782637 
8782642 
8782647 
8782652 
8782657 
8782662 
8782667 
8782672 
8782677 
8782682 
8782687 
8782692 
8782697 
8782702 
8782707 
8782712 
8782717 
8782722 
8782727 
9307103 
9307108 
9307113 
9307118 
9307123 
9307128 
9307133 
9307138 
9307143 
9307148 
9307153 
9307158 
9307163 
9307168 
9307173 
9307178 
9307388 
9307393 
9307398 
9307403 
9307408 
9307413 
9307418 
9307423 
9307428 
9307433 
9307438 
9307443 
9307448 
9307453 
9307458 
9307463 
9307468 
8783265 
8783270 
8783275 
8783280 
8783285 
8783290 
8783295 
8783300 
8783305 
8783310 
8783315 
8783320 
8783325 
8783330 
9307623 
8783335 
9307628 
8783340 
9307633 
8783345 
9307638 
8783350 
6686199 
9307643 
8783355 
6686204 
9307648 
8783360 
6686209 
9307653 
6686214 
9307658 
6686219 
9307663 
6686224 
9307668 
6686229 
8783384 
9307673 
6686234 
8783389 
9307678 
6686239 
8783394 
9307683 
6686244 
8783399 
9307688 
6686249 
8783404 
9307693 
6686254 
8783409 
6686259 
8783414 
6686264 
8783419 
6686269 
8783424 
6686274 
8783429 
6686279 
8783434 
6686284 
8783439 
6686289 
8783444 
6686294 
8783449 
6686299 
8783454 
6686304 
8783459 
8783464 
8783469 
8783474 
9307802 
9307806 
9307810 
9307814 
9307818 
9307822 
6686389 
6686393 
6686397 
6686401 
6686405 
6686409 
6686413 
6686417 
6686421 
6686425 
6686429 
6686433 
6686437 
6686441 
6686445 
6686449 
6686453 
6686457 
6686461 
6686465 
8783619 
6686469 
6948614 
8783624 
6686473 
6948618 
8783629 
6686477 
6948622 
8783634 
6948626 
6948630 
8783639 
6948634 
8783644 
6948638 
8783649 
6948642 
8783654 
6948646 
6948650 
8783659 
6948654 
8783664 
6948658 
8783669 
6948662 
8783674 
6948666 
6948670 
8783679 
6948674 
8783684 
6948678 
8783689 
6948682 
8783694 
6948686 
6948690 
8783699 
6948694 
8783704 
6948698 
8783709 
9308024 
8783738 
9308028 
8783742 
9308032 
8783746 
9308036 
8783750 
9308040 
8783754 
9308044 
8783758 
9308048 
8783762 
9308052 
8783766 
9308056 
8783770 
9308060 
8783774 
9308064 
8783778 
9308068 
8783782 
9308072 
8783786 
9308076 
8783790 
9308080 
8783794 
9308084 
8783798 
9308088 
8783802 
9308092 
8783806 
9308096 
8783810 
9308100 
8783814 
9308104 
8783818 
6686839 
6686843 
6686847 
6686851 
6686855 
6686859 
6686863 
6686867 
6686871 
6686875 
6686879 
6686883 
6686887 
6686891 
6686895 
6686899 
6686903 
6686907 
6686911 
6686915 
6686919 
6686923 
6686927 
6687005 
6687009 
6687013 
6687017 
6687021 
6687025 
6687029 
6687033 
6687037 
6687041 
6687045 
6687049 
6687053 
6687057 
6687061 
6687065 
6687069 
10488161 
6687073 
10488164 
6687077 
10488167 
6687081 
10488170 
10488173 
6687085 
10488176 
6687089 
10488179 
6687093 
10488182 
6687096 
10488185 
10488188 
10488191 
10488194 
10488197 
10488200 
10488203 
10488206 
10488374 
10488377 
10488380 
10488383 
10488386 
10488389 
10488392 
10488395 
10488398 
10488401 
10488404 
10488407 
10488410 
10488413 
10488416 
10488419 
10488422 
10488425 
10488428 
10489084 
10489087 
10489090 
10489093 
10489096 
10489099 
10489102 
10489105 
10489108 
10489111 
10489114 
10489117 
10489120 
10489123 
10489126 
10489129 
10489132 
10489135 
10489138 
10489141 
10489144 
10489147 
10489150 
7998819 
7998823 
7998827 
7998831 
7998835 
7998839 
7998843 
7998847 
7998851 
7998855 
7998859 
7998863 
7998867 
7998871 
7998875 
7998879 
7998883 
7998887 
7998891 
7998895 
7998899 
7998903 
11275799 
11275803 
11275807 
11275811 
11275815 
11275819 
11275823 
11275827 
11275831 
11275835 
11275839 
11275843 
11275847 
11275851 
11275855 
11275859 
11275863 
11275867 
11275871 
11275875 
11275879 
11275883 
7999197 
7999200 
7999203 
7999206 
7999209 
7999212 
7999215 
7999218 
7999221 
7999224 
7999227 
7999230 
7999233 
7999236 
7999239 
7999242 
7999245 
7999248 
7999251 
7999254 
7999257 
7999717 
7999720 
7999723 
7999726 
7999729 
7999732 
7999735 
7999738 
7999741 
7999744 
7999747 
7999750 
7999753 
7999756 
7999759 
7999762 
7999765 
7999768 
7999771 
7999774 
7999777 
7999780 
7999783 
8000285 
8000288 
8000291 
8000294 
8000297 
8000300 
8000303 
8000306 
8000309 
8000312 
8000315 
8000318 
8000321 
8000324 
8000327 
8000330 
8000333 
8000336 
8000339 
8000342 
8000345 
8000348 
10621800 
10621803 
10621806 
10621809 
10621812 
10621815 
10621818 
10621821 
10621824 
10621827 
10621830 
10621833 
10621836 
10621839 
10621842 
10621845 
10621848 
10621851 
10621854 
10621857 
10621860 
10621863 
10621866 
10621868 
6821063 
6821067 
6821071 
6821075 
6821079 
6821083 
6821087 
6821091 
6821095 
6821099 
6821103 
6821107 
6821111 
6821115 
6821119 
6821123 
10491143 
6821127 
10491146 
6821131 
10491149 
6821135 
10491152 
10491155 
6821139 
10491158 
6821143 
10491161 
10491164 
10491167 
10491170 
10491173 
10491176 
10491179 
10491182 
10491185 
10491188 
10491191 
10491194 
10491197 
10491200 
10491203 
10491206 
10491209 
10491356 
10491359 
10491362 
10491365 
10491368 
10491371 
10491374 
10491377 
10491380 
10491383 
10491386 
10491389 
10491392 
10491395 
10491398 
10491401 
10491404 
10491407 
10491410 
10491413 
10491416 
10491419 
10491422 
7476971 
7476975 
7476979 
7476983 
7476987 
7476991 
7476995 
7476999 
7477003 
7477007 
7477011 
7477015 
7477019 
7477023 
7477027 
7477031 
7477035 
7477039 
7477043 
7477047 
7477051 
7477055 
7477059 
8787902 
8787906 
8787910 
8787914 
10491853 
8787918 
10491856 
8787922 
10491859 
10491862 
8787926 
10491865 
8787930 
10491868 
8787934 
10491871 
10491874 
8787938 
10491877 
8787942 
10491880 
8787946 
10491883 
10491886 
8787950 
10491889 
8787954 
10491892 
8787958 
10491895 
10491898 
8787962 
10491901 
8787966 
10491904 
8787970 
10491907 
10491910 
8787974 
10491913 
8787978 
10491916 
8787982 
10491919 
8787986 
10492066 
10492069 
10492072 
10492075 
10492078 
10492081 
10492084 
10492087 
10492090 
10492093 
10492096 
10492099 
10492102 
10492105 
10492108 
10492111 
10492114 
10492117 
10492120 
10492123 
10492126 
10492129 
10492132 
11278661 
11278664 
11278667 
11278670 
11278673 
11278676 
11278679 
11278682 
11278685 
11278688 
11278691 
11278694 
11278697 
11278700 
11278703 
11278706 
11278709 
11278712 
11278715 
11278718 
11278721 
11278724 
11278732 
11278736 
11278740 
11278744 
11278748 
11278752 
11278756 
11278760 
11278764 
11278768 
11278772 
11278776 
11278780 
11278784 
11278788 
11278792 
11278796 
11278800 
11278804 
11278808 
11278812 
5773837 
5773911 
5773920 
8788636 
8788640 
8788644 
8788648 
8788652 
8788656 
8788660 
8788664 
8788668 
8788672 
8788676 
8788680 
8788684 
8788688 
8788692 
8788696 
8788700 
8788704 
8788708 
8788712 
8788716 
8788720 
7478248 
7478252 
7478256 
7478260 
7478264 
7478268 
7478272 
7478276 
7478280 
7478284 
7478288 
7478292 
8002582 
7478296 
8002585 
8002588 
7478300 
8002591 
7478304 
8002594 
7478308 
8002597 
8002600 
7478312 
8002603 
7478316 
8002606 
7478320 
8002609 
8002612 
7478324 
8002615 
7478328 
8002618 
8002621 
8002624 
8002627 
8002630 
8002633 
8002636 
8002639 
8002642 
8789134 
8789138 
8789142 
8789146 
8789150 
8789154 
8789158 
8789162 
8789166 
8789170 
8789174 
8789178 
8789182 
8789186 
8789190 
8789194 
8789198 
8789202 
8789206 
8789210 
8789214 
8789218 
8789222 
11279913 
11279917 
11279921 
11279925 
11279929 
11279933 
11279937 
11279941 
11279945 
11279949 
11279953 
11279957 
11279961 
11279965 
11279969 
11279973 
11279977 
11279981 
11279985 
11279989 
11279993 
11280008 
11280011 
11280014 
11280017 
11280020 
11280023 
11280026 
11280029 
11280032 
11280035 
11280038 
11280041 
11280044 
11280047 
11280050 
11280053 
11280056 
11280059 
11280062 
11280065 
11280068 
11280071 
8789750 
10362617 
8789754 
10362619 
10362621 
8789758 
10362623 
10362625 
8789762 
10362627 
10362629 
8789766 
10362631 
10362633 
8789770 
10362635 
10362637 
8789774 
10362639 
10362641 
8789778 
10362643 
10362645 
8789782 
10362647 
10362649 
8789786 
10362651 
10362653 
8789790 
10362655 
10362657 
8789794 
8789798 
8789802 
8789806 
8789810 
8789814 
8789818 
8789822 
8789826 
8789830 
8789834 
8789838 
8003481 
8003484 
8003487 
8003490 
8003493 
8003496 
8003499 
8003502 
8003505 
8003508 
8003511 
8003514 
8003517 
8003520 
8003523 
8003526 
8003529 
8003532 
8003535 
8003538 
8003541 
8003544 
8003547 
6693568 
6693572 
6693576 
6693580 
6693584 
6693588 
6693592 
6693596 
6693600 
6693604 
6693608 
6693612 
6693616 
6693620 
6693624 
6693628 
6693632 
6693636 
6693640 
6693644 
6693648 
6693652 
6693656 
6693659 
6693734 
6693738 
6693742 
6693746 
6693750 
6693754 
6693758 
6693762 
6693766 
6693770 
6693774 
6693778 
6693782 
6693786 
6693790 
6693794 
6693798 
6693802 
6693806 
6693810 
6693814 
6693818 
6693822 
6693825 
8004709 
8004712 
8004715 
8004718 
8004721 
8004724 
8004727 
8004730 
8004733 
8004736 
8004739 
8004742 
8004745 
8004748 
8004751 
8004754 
8004757 
8004760 
8004763 
8004766 
8004769 
8004772 
6956506 
6956511 
6956516 
6956521 
6956526 
6956531 
6956536 
6956541 
6956546 
6956551 
6956556 
6956561 
6956566 
6956571 
6956576 
6956581 
6956586 
6956591 
6956596 
6956601 
6956606 
6956611 
6956695 
6956699 
6956703 
6956707 
6956711 
6956715 
6956719 
6956723 
6956727 
6956731 
6956735 
6956739 
6956743 
6956747 
6956751 
6956755 
6956759 
6956763 
6956767 
6956771 
6956775 
6957098 
6957102 
6957106 
6957110 
6957114 
6957118 
6957122 
6957126 
6957130 
6957134 
6957138 
6957142 
6957146 
6957150 
6957154 
6957158 
6957162 
6957166 
6957170 
6957174 
6957178 
6957288 
6957292 
6957296 
6957300 
6957304 
6957308 
6957312 
6957316 
6957320 
6957324 
6957328 
6957332 
6957336 
6957340 
6957344 
6957348 
6957352 
6957356 
6957360 
6957364 
6957368 
6957372 
6957384 
6957389 
6957394 
6957399 
6957404 
6957409 
6957414 
6957419 
6957424 
6957429 
6957434 
6957439 
6957444 
6957449 
6957454 
6957459 
6957464 
6957469 
6957474 
6957479 
6957484 
6957489 
6957504 
6957509 
6957514 
6957519 
6957524 
6957529 
6957534 
6957539 
6957544 
6957549 
6957554 
6957559 
6957564 
6957569 
6957574 
6957579 
6957584 
6957589 
6957594 
6957599 
6957604 
6957609 
6957614 
6957618 
6958193 
6958198 
6958203 
6958208 
6958213 
6958218 
6958223 
6958228 
6958233 
6958238 
6958243 
6958248 
6958253 
6958258 
6958263 
6958268 
6958273 
6958278 
6958283 
6958288 
6958293 
6958298 
6958383 
6958387 
6958391 
6958395 
6958399 
6958403 
6958407 
6958411 
6958415 
6958419 
6958423 
6958427 
6958431 
6958435 
6958439 
6958443 
6958447 
6958451 
6958455 
6958459 
6958463 
6958467 
6958471 
8007265 
8007268 
8007271 
8007274 
8007277 
8007280 
8007283 
8007286 
8007289 
8007292 
8007295 
8007298 
8007301 
8007304 
8007307 
8007310 
8007313 
8007316 
8007319 
8007322 
8007325 
8007328 
6958833 
6958837 
6958841 
6958845 
6958849 
6958853 
6958857 
6958861 
6958865 
6958869 
6958873 
6958877 
6958881 
6958885 
6958889 
6958893 
6958897 
6958901 
6958905 
6958909 
6958913 
6958917 
6958921 
6958999 
6959003 
6959007 
6959011 
6959015 
6959019 
6959023 
6959027 
6959031 
6959035 
6959039 
6959043 
6959047 
6959051 
6959055 
6959059 
6959063 
6959067 
6959071 
6959075 
6959079 
6959083 
6959087 
6959090 
9318838 
9318843 
9318848 
9318853 
9318858 
9318863 
9318868 
9318873 
9318878 
9318883 
9318888 
9318893 
9318898 
9318903 
9318908 
9318913 
9318918 
9318923 
9318928 
9318933 
9318938 
9318943 
9318948 
9318957 
9318961 
9318965 
9318969 
9318973 
9318977 
9318981 
9318985 
9318989 
9318993 
9318997 
9319001 
9319005 
9319009 
9319013 
9319017 
9319021 
9319025 
9319029 
9319033 
9319037 
7615660 
7615663 
7615666 
7615669 
7615672 
7615675 
7615678 
7615681 
7615684 
7615687 
7615690 
7615693 
7615696 
7615699 
7615702 
7615705 
7615708 
7615711 
7615714 
7615717 
7615720 
7615723 
7616015 
7616018 
7616021 
7616024 
7616027 
7616030 
7616033 
7616036 
7616039 
7616042 
7616045 
7616048 
7616051 
7616054 
7616057 
7616060 
7616063 
7616066 
5781058 
7616069 
7616072 
7616075 
7616078 
5783246 
5783267 
5783275 
5783292 
8012073 
8012076 
8012079 
8012082 
8012085 
8012088 
8012091 
8012094 
8012097 
8012100 
8012103 
8012106 
8012109 
8012112 
8012115 
8012118 
8012121 
8012124 
8012127 
8012130 
8012133 
8012136 
8012139 
8012428 
8012431 
8012434 
8012437 
8012440 
8012443 
8012446 
8012449 
8012452 
8012455 
8012458 
8012461 
8012464 
8012467 
8012470 
8012473 
8012476 
8012479 
8012482 
8012485 
8012488 
8012491 
8012783 
8012786 
8012789 
8012792 
8012795 
8012798 
8012801 
8012804 
8012807 
8012810 
8012813 
8012816 
8012819 
8012822 
8012825 
8012828 
8012831 
8012834 
8012837 
8012840 
8012843 
5784701 
5784709 
5784933 
8013162 
5784940 
8013165 
8013168 
8013171 
8013174 
8013177 
8013180 
8013183 
8013186 
8013189 
8013192 
8013195 
8013198 
8013201 
5784979 
8013204 
8013207 
5784983 
8013210 
8013213 
8013216 
8013219 
8013222 
8013225 
8013228 
5785095 
5785110 
5785124 
5785133 
5785150 
8013517 
8013520 
8013523 
8013526 
8013529 
8013532 
8013535 
8013538 
8013541 
8013544 
8013547 
8013550 
8013553 
8013556 
8013559 
8013562 
8013565 
8013568 
8013571 
8013574 
8013577 
8013580 
9324367 
9324371 
9324375 
9324379 
9324383 
9324387 
9324391 
9324395 
9324399 
9324403 
5785608 
5785613 
8013872 
8013875 
8013878 
8013881 
8013884 
8013887 
8013890 
8013893 
8013896 
8013899 
8013902 
8013905 
8013908 
8013911 
8013914 
8013917 
8013920 
8013923 
8013926 
8013929 
8013932 
5785841 
5786033 
5786036 
10505062 
10505067 
10505072 
10505077 
10505082 
10505087 
10505092 
10505097 
10505102 
10505107 
10505112 
10505117 
10505122 
10505127 
10505132 
10505137 
10505142 
10505147 
10505152 
10505157 
10505368 
10505373 
10505378 
10505383 
10505388 
10505393 
10505398 
10505403 
10505408 
10505413 
10505418 
10505423 
10505428 
10505433 
10505438 
10505443 
10505448 
10505453 
10505841 
10505846 
10505851 
10505856 
10505861 
10505866 
10505871 
10505876 
10505881 
10505886 
10505891 
8408740 
8408743 
10505896 
8408746 
10505901 
8408749 
8408752 
10505906 
8408755 
8408758 
10505911 
8408761 
10505916 
8408764 
8408767 
10505921 
8408770 
8408773 
8408776 
8408779 
8408782 
8408785 
8408788 
8408791 
8408794 
8408797 
8408800 
8408803 
10505957 
8408806 
10505959 
10505961 
10505963 
10505965 
10505967 
10505969 
10505971 
10505973 
10505975 
10505977 
10505979 
10505981 
10505983 
10505985 
10505987 
10505989 
10505991 
10505993 
11292468 
11292472 
11292476 
11292480 
11292484 
11292488 
11292492 
11292496 
11292500 
11292504 
11292508 
11292512 
11292516 
11292520 
8015721 
11292524 
8015724 
8015727 
11292528 
8015730 
11292532 
8015733 
11292536 
8015736 
8015739 
11292540 
8015742 
11292544 
8015745 
11292548 
8015748 
8015751 
11292552 
8015754 
8015757 
8015760 
11292563 
8015763 
8015766 
11292567 
8015769 
11292571 
8015772 
11292575 
8015775 
8015778 
11292579 
8015781 
11292583 
8015784 
11292587 
8015787 
11292591 
11292595 
11292599 
11292603 
11292607 
11292611 
11292615 
11292619 
11292623 
11292627 
11292631 
11292635 
11292639 
11292643 
10506311 
10506313 
10506315 
10506317 
10506319 
10506321 
10506323 
10506325 
10506327 
10506329 
10506331 
10506333 
10506335 
10506337 
10506339 
10506341 
10506343 
10506345 
8016076 
8016079 
8016082 
8016085 
8016088 
8016091 
8016094 
8016097 
8016100 
8016103 
8016106 
8016109 
8016112 
8016115 
8016118 
8016121 
8016124 
8016127 
8016130 
8016133 
8016136 
8016139 
7622972 
7622975 
7622978 
7622981 
7622984 
7622987 
7622990 
7622993 
7622996 
7622999 
7623002 
7623005 
7623008 
7623011 
7623014 
7623017 
7623020 
7623023 
7623026 
7623029 
7623032 
7623035 
7623038 
8409614 
8409617 
8409620 
8409623 
8409626 
8409629 
8409632 
8409635 
8409638 
8409641 
8409644 
8409647 
8409650 
8409653 
8409656 
8409659 
8409662 
8409665 
8409668 
8409671 
8409674 
8409991 
8409994 
7623563 
8409997 
7623566 
8410000 
7623569 
8410003 
7623572 
8410006 
7623575 
8410009 
7623578 
8410012 
7623581 
8410015 
7623584 
8410018 
7623587 
8410021 
7623590 
8410024 
7623593 
8410027 
7623596 
8410030 
7623599 
8410033 
7623602 
8410036 
7623605 
8410039 
7623608 
8410042 
7623611 
8410045 
7623614 
8410048 
7623617 
8410051 
7623620 
8410054 
7623623 
7623626 
11293650 
11293654 
11293658 
11293662 
11293666 
11293670 
11293674 
11293678 
11293682 
11293686 
11293690 
11293694 
11293698 
11293702 
11293706 
11293710 
11293714 
8410133 
11293718 
8410136 
11293722 
8410139 
11293726 
8410142 
8410145 
11293730 
8410148 
11293734 
8410151 
8410154 
8410157 
11293744 
8410160 
11293747 
8410163 
11293750 
8410166 
11293753 
8410169 
11293756 
8410172 
11293759 
8410175 
11293762 
8410178 
11293765 
8410181 
11293768 
8410184 
11293771 
8410187 
11293774 
8410190 
11293777 
8410193 
11293780 
8410196 
11293783 
8410199 
11293786 
11293789 
11293792 
11293795 
11293798 
11293801 
11293804 
11293807 
11294052 
11294056 
11294060 
11294064 
11294068 
11294072 
11294076 
11294080 
11294084 
11294088 
11294092 
11294096 
11294100 
11294104 
11294108 
11294112 
11294116 
11294120 
11294124 
11294128 
11294147 
11294150 
11294153 
11294156 
11163086 
11294159 
11163089 
11294162 
11163092 
11294165 
11163095 
11294168 
11163098 
7624154 
11294171 
11163101 
7624157 
11294174 
11163104 
7624160 
11294177 
11163107 
7624163 
11294180 
11163110 
7624166 
11294183 
11163113 
7624169 
11294186 
11163116 
7624172 
11294189 
11163119 
7624175 
11294192 
11163122 
7624178 
11294195 
7624181 
11294198 
7624184 
11294201 
7624187 
11294204 
7624190 
11294207 
7624193 
7624196 
7624199 
7624202 
7624205 
7624208 
7624211 
7624214 
8017613 
8017615 
8017617 
8017619 
8017621 
8017623 
8017625 
8017627 
8017629 
8017631 
8017633 
8017635 
8017637 
8017639 
8017641 
8017643 
8017645 
8017647 
8017649 
8017651 
8017653 
7624533 
7624536 
7624539 
7624542 
7624545 
7624548 
7624551 
7624554 
7624557 
7624560 
8017778 
7624563 
8017780 
8017782 
7624566 
8017784 
7624569 
8017786 
8017788 
7624572 
8017790 
7624575 
8017792 
8017794 
7624578 
8017796 
7624581 
8017798 
8017800 
7624584 
8017802 
7624587 
8017804 
8017806 
7624590 
8017808 
7624593 
8017810 
8017812 
7624596 
8017814 
7624599 
8017816 
8017818 
9984148 
9984153 
9984158 
9984163 
9984168 
9984173 
9984178 
9984183 
7624888 
7624891 
9984188 
7624894 
9984193 
7624897 
7624900 
9984198 
7624903 
7624906 
9984203 
7624909 
9984208 
7624912 
7624915 
9984213 
7624918 
7624921 
9984218 
7624924 
9984223 
7624927 
7624930 
9984228 
7624933 
7624936 
9984233 
7624939 
8018156 
9984238 
8018158 
7624942 
8018160 
7624945 
8018162 
9984243 
8018164 
7624948 
9328886 
8018166 
7624951 
9984248 
8018168 
8018170 
9328891 
8018172 
8018174 
9328896 
8018176 
8018178 
8018180 
9328901 
8018182 
8018184 
9328906 
8018186 
8018188 
8018190 
9328911 
8018192 
8018194 
9328916 
8018196 
8018198 
9328921 
9328926 
11163939 
9328931 
11163942 
9328936 
11163945 
11163948 
9328941 
11163951 
11163954 
9328946 
11163957 
9328951 
11163960 
11163963 
9328956 
11163966 
11163969 
9328961 
11163972 
9328966 
11163975 
11163978 
9328971 
11163981 
11163984 
9328976 
11163987 
9328981 
11163990 
11163993 
11163996 
11163999 
11164002 
11164009 
9329003 
11164012 
9329005 
11164015 
9329007 
9329009 
11164018 
9329011 
11164021 
9329013 
9329015 
11164024 
9329017 
11164027 
9329019 
9329021 
11164030 
9329023 
11164033 
9329025 
9329027 
11164036 
9329029 
11164039 
9329031 
9329033 
11164042 
9329035 
11164045 
9329037 
9329039 
11164048 
9329041 
11164051 
9329043 
9329045 
11164054 
9329047 
11164057 
11164060 
11164063 
11164066 
11164069 
11164072 
11164075 
10508821 
10508826 
7625243 
7625246 
10508831 
7625249 
10508836 
7625252 
7625255 
10508841 
7625258 
7625261 
10508846 
7625264 
10508851 
7625267 
7625270 
10508856 
7625273 
7625276 
10508861 
7625279 
10508866 
7625282 
7625285 
10508871 
7625288 
7625291 
10508876 
7625294 
10508881 
7625297 
7625300 
10508886 
7625303 
10509085 
10509089 
10509102 
10509104 
10509106 
10509108 
10509110 
10509112 
10509114 
10509116 
10509118 
10509120 
10509122 
10509124 
10509126 
10509128 
10509130 
10509132 
10509134 
10509136 
9985212 
9985217 
7101633 
9985222 
7101638 
9985227 
7101643 
9985232 
7101648 
9985237 
7101653 
9985242 
7101658 
9985247 
7101663 
9985252 
7101668 
9985257 
7101673 
9985262 
7101678 
9985267 
7101683 
9985272 
7101688 
9985277 
7101693 
9985282 
7101698 
9985287 
7101703 
9985292 
7101708 
9985297 
7101713 
9985302 
7101718 
9985307 
7101723 
9985312 
7101728 
7101733 
7101738 
7101822 
7101826 
7101830 
7101834 
7101838 
7101842 
7101846 
7101850 
7101854 
7101858 
7101862 
7101866 
7101870 
7101874 
7101878 
7101882 
7101886 
7101890 
7101894 
7101898 
7101902 
7102225 
7102229 
7102233 
7102237 
7102241 
7102245 
7102249 
7102253 
7102257 
7102261 
7102265 
7102269 
7102273 
7102277 
7102281 
7102285 
7102289 
7102293 
7102297 
7102301 
7102305 
7102415 
7102419 
7102423 
7102427 
7102431 
7102435 
7102439 
7102443 
7102447 
7102451 
7102455 
7102459 
7102463 
7102467 
7102471 
7102475 
7102479 
7102483 
7102487 
7102491 
7102495 
7102499 
7102511 
7102516 
7102521 
7102526 
7102531 
7102536 
7102541 
7102546 
7102551 
7102556 
7102561 
7102566 
7102571 
7102576 
7102581 
7102586 
7102591 
7102596 
7102601 
7102606 
7102611 
7102616 
7627092 
7627095 
7627098 
7627101 
7627104 
7627107 
7627110 
7627113 
7627116 
7627119 
7627122 
7627125 
7627128 
7627131 
7627134 
7627137 
7627140 
7627143 
7627146 
7627149 
7627152 
7627155 
7627158 
7103106 
7103111 
7103116 
7103121 
7103126 
7103131 
7103136 
7103141 
7103146 
7103151 
7103156 
7627447 
7103161 
7627450 
7627453 
7103166 
7627456 
7627459 
7103171 
7627462 
7103176 
7627465 
7627468 
7103181 
7627471 
7627474 
7103186 
7627477 
7103191 
7627480 
7627483 
7103196 
7627486 
7627489 
7103201 
7627492 
7103206 
7627495 
7627498 
7103211 
7627501 
7627504 
7103216 
7627507 
7627510 
7105000 
7105004 
7105008 
7105012 
7105016 
7105020 
7105024 
7105028 
7105032 
7105036 
7105040 
7105044 
7105048 
7105052 
7105056 
7105060 
7105064 
7105068 
7105072 
7105076 
7105080 
7105084 
7105088 
7105166 
7105170 
7105174 
7105178 
7105182 
7105186 
7105190 
7105194 
7105198 
7105202 
7105206 
7105210 
7105214 
7105218 
7105222 
7105226 
7105230 
7105234 
7105238 
7105242 
7105246 
7105250 
7105254 
7105616 
7105620 
7105624 
7105628 
7105632 
7105636 
7105640 
7105644 
7105648 
7105652 
7105656 
7105660 
7105664 
8678529 
7105668 
8678533 
7105672 
8678537 
7105676 
8678541 
7105680 
8678545 
7105684 
8678549 
7105688 
8678553 
7105692 
8678557 
7105696 
8678561 
7105700 
8678565 
7105704 
8678569 
8678573 
8678577 
8678581 
8678585 
8678589 
8678593 
8678597 
8678601 
8678605 
8678609 
8678613 
7105866 
7105870 
7761386 
7761388 
7761390 
7761392 
7761394 
7761396 
7761398 
7761400 
7761402 
7761404 
7761406 
7761408 
7761410 
7761412 
7761414 
7761416 
7761418 
7761420 
7761422 
7761424 
7761426 
7761480 
7761482 
7761484 
7761486 
7761488 
7761490 
7761492 
7761494 
7761496 
7761498 
7761500 
7761502 
7761504 
7761506 
7761508 
7761510 
7761512 
7761514 
7761516 
7761518 
7761520 
8679476 
8679480 
8679484 
8679488 
8679492 
8679496 
8679500 
8679504 
8679508 
8679512 
8679516 
8679520 
8679524 
8679528 
8679532 
8679536 
8679540 
8679544 
8679548 
8679552 
8679556 
8679572 
8679576 
8679580 
8679584 
8679588 
8679592 
8679596 
8679600 
8679604 
8679608 
8679612 
8679616 
8679620 
8679624 
8679628 
8679632 
8679636 
8679640 
8679644 
8679648 
8679652 
8679656 
8679667 
8679671 
8679675 
8679679 
8679683 
8679687 
8679691 
8679695 
8679699 
8679703 
8679707 
8679711 
8679715 
8679719 
8679723 
8679727 
8679731 
8679735 
8679739 
8679743 
8679747 
8679751 
8680235 
8680239 
8680243 
8680247 
8680251 
8680255 
8680259 
8680263 
8680267 
8680271 
8680275 
8680279 
8680283 
8680287 
8680291 
8680295 
8680299 
8680303 
8680307 
8680311 
8680315 
8680319 
8680329 
8680333 
8680337 
8680341 
8680345 
8680349 
8680353 
8680357 
8680361 
8680365 
8680369 
8680373 
8680377 
8680381 
8680385 
8680389 
8680393 
8680397 
8680401 
8680405 
8680409 
8680685 
8680689 
8680693 
8680697 
8680701 
8680705 
8680709 
8680713 
8680717 
8680721 
8680725 
8680729 
8680733 
8680737 
8680741 
8680745 
8680749 
8680753 
8680757 
8680761 
8680765 
8680769 
8680780 
8680784 
8680788 
8680792 
8680796 
8680800 
8680804 
8680808 
8680812 
8680816 
8680820 
8680824 
8680828 
8680832 
8680836 
8680840 
8680844 
8680848 
8680852 
8680856 
8680860 
8680864 
8680868 
11171605 
11171608 
11171611 
11171614 
11171617 
11171620 
11171623 
11171626 
11171629 
11171632 
11171635 
11171638 
11171641 
11171644 
11171647 
11171650 
11171653 
11171656 
11171659 
11171662 
11171665 
11171668 
10516694 
10516696 
10516698 
10516700 
10516702 
10516704 
10516706 
10516708 
10516710 
10516712 
10516714 
10516716 
10516718 
10516720 
10516722 
10516724 
10516726 
10516728 
10516730 
10516732 
10516734 
8681916 
8681920 
8681924 
8681928 
8681932 
8681936 
8681940 
8681944 
8681948 
8681952 
8681956 
8681960 
8681964 
8681968 
8681972 
8681976 
8681980 
8681984 
8681988 
8681992 
8681996 
8682000 
7764741 
7764744 
7764747 
7764750 
7764753 
7764756 
7764759 
7764762 
7764765 
7764768 
7764771 
7764774 
7764777 
7764780 
7764783 
7764786 
7764789 
7764792 
7764795 
7764798 
7764801 
7764858 
7764860 
7764862 
7764864 
7764866 
7764868 
7764870 
7764872 
7764874 
7764876 
7764878 
7764880 
7764882 
7764884 
7764886 
7764888 
7764890 
7764892 
7764894 
7764896 
7765023 
7765025 
7765027 
7765029 
7765031 
7765033 
7765035 
7765037 
7765039 
7765041 
7765043 
7765045 
7765047 
7765049 
7765051 
7765053 
7765055 
7765057 
7765059 
8682862 
8682866 
8682870 
8682874 
8682878 
8682882 
8682886 
8682890 
8682894 
8682898 
8682902 
8682906 
8682910 
8682914 
8682918 
8682922 
8682926 
8682930 
8682934 
8682938 
8682942 
8682946 
8682958 
8682962 
8682966 
8682970 
8682974 
8682978 
8682982 
8682986 
8682990 
8682994 
8682998 
8683002 
8683006 
8683010 
8683014 
8683018 
8683022 
8683026 
8683030 
8683034 
8683038 
8683042 
8683053 
8683057 
8683061 
8683065 
8683069 
8683073 
8683077 
8683081 
8683085 
8683089 
8683093 
8683097 
8683101 
8683105 
8683109 
8683113 
8683117 
8683121 
8683125 
8683129 
8683133 
8683137 
8683141 
8683432 
8683436 
8683440 
8683444 
8683448 
8683452 
8683456 
8683460 
8683464 
8683468 
8683472 
8683476 
8683480 
8683484 
8683488 
8683492 
8683496 
8683500 
8683504 
8683508 
8683810 
8683814 
8683818 
8683822 
8683826 
8683830 
8683834 
8683838 
8683842 
8683846 
8683850 
8683854 
8683858 
8683862 
8683866 
8683870 
8683874 
8683878 
8683882 
8683886 
7635560 
7635562 
7635564 
7635566 
7635568 
7635570 
7635572 
7635574 
7635576 
7635578 
7635580 
7635582 
7635584 
7635586 
7635588 
7635590 
7635592 
7635594 
7635596 
7635598 
7635600 
7635725 
7635727 
7635729 
7635731 
7635733 
7635735 
7635737 
7635739 
7635741 
7635743 
7635745 
7635747 
7635749 
7635751 
7635753 
7635755 
7635757 
7635759 
7635761 
7635763 
7635765 
7636103 
7636105 
7636107 
7636109 
7636111 
7636113 
7636115 
7636117 
7636119 
7636121 
7636123 
7636125 
7636127 
7636129 
7636131 
7636133 
7636135 
7636137 
7636139 
7636141 
7636143 
7636145 
8423169 
8423172 
8423175 
8423178 
8423181 
8423184 
8423187 
8423190 
8423193 
8423196 
8423199 
8423202 
8423205 
8423208 
8423211 
8423214 
8423217 
8423220 
8423223 
8423226 
8423229 
8423232 
8423570 
8423573 
8423576 
8030360 
8423579 
8030363 
8423582 
8030366 
8423585 
8030369 
8423588 
8030372 
8423591 
8030375 
8423594 
8030378 
8423597 
8030381 
8423600 
8030384 
8423603 
8030387 
8423606 
8030390 
8423609 
8030393 
8423612 
8030396 
8423615 
8030399 
8423618 
8030402 
8423621 
8030405 
8423624 
8030408 
8423627 
8030411 
8423630 
8030414 
8423633 
8030417 
8030420 
8030423 
8030477 
8030479 
8030481 
8030483 
8030485 
8030487 
8030489 
8030491 
8030493 
8030495 
8030497 
8030499 
8030501 
8030503 
8030505 
8030507 
8030509 
8030511 
8030513 
8030515 
8030517 
8424019 
8424022 
8424025 
8424028 
8424031 
8424034 
8424037 
8424040 
8424043 
8424046 
8424049 
8424052 
8424055 
8424058 
8424061 
8424064 
8424067 
8424070 
8424073 
8424076 
8424079 
8424082 
8424085 
8031352 
8031354 
8031356 
8031358 
6720638 
8031360 
8031362 
6720642 
8031364 
8031366 
6720646 
8031368 
8031370 
6720650 
8031372 
8031374 
6720654 
8031376 
8031378 
6720658 
8031380 
8031382 
6720662 
8031384 
8031386 
6720666 
8031388 
8031390 
6720670 
8031392 
8424609 
6720674 
8424612 
6720678 
8424615 
8424618 
6720682 
8424621 
6720686 
8424624 
6720690 
8424627 
8424630 
6720694 
8424633 
6720698 
8424636 
6720702 
8424639 
8424642 
6720706 
8424645 
6720710 
8424648 
6720714 
8424651 
8424654 
6720718 
8424657 
6720722 
8424660 
8031446 
8424663 
8031448 
8424666 
8031450 
8031452 
8424669 
8031454 
8424672 
8031456 
8031458 
8031460 
8031462 
8031464 
8031466 
8031468 
8031470 
8031472 
8031474 
8031476 
8031478 
8031480 
8031482 
8031484 
8031486 
8031488 
9211231 
9211235 
9211239 
9211243 
9211247 
9211251 
9211255 
9211259 
9211263 
9211267 
9211271 
9211275 
9211279 
9211283 
9211287 
9211291 
9211295 
9211299 
9211303 
9211307 
9211311 
9211315 
7638582 
7638585 
7638588 
7638591 
7638594 
7638597 
7638600 
7638603 
7638606 
7638609 
7638612 
7638615 
7638618 
7638621 
7638624 
7638627 
7638630 
7638633 
7638636 
7638639 
7638642 
7638645 
7638699 
7638701 
7638703 
7638705 
7638707 
7638709 
7638711 
7638713 
7638715 
7638717 
7638719 
7638721 
7638723 
7638725 
7638727 
7638729 
7638731 
7638733 
7638735 
7638737 
7638739 
7639006 
7639008 
7639010 
7639012 
7639014 
7639016 
7639018 
7639020 
7639022 
7639024 
7639026 
7639028 
7639030 
7639032 
7639034 
7639036 
7639038 
7639040 
7639042 
7639044 
7639046 
7639100 
7639102 
7639104 
7639106 
7639108 
7639110 
7639112 
7639114 
7639116 
7639118 
7639120 
7639122 
7639124 
7639126 
7639128 
7639130 
7639132 
7639134 
7639136 
7639138 
7639140 
7639142 
5673369 
6722010 
6722013 
6722016 
6722019 
6722022 
6722025 
6722028 
6722031 
6722034 
6722037 
6722040 
6722043 
6722046 
6722049 
6722052 
6722055 
6722058 
6722061 
6722064 
6722067 
6722070 
7639716 
7639719 
7639722 
7639725 
7639728 
7639731 
7639734 
7639737 
7639740 
7639743 
7639746 
7639749 
7639752 
7639755 
7639758 
7639761 
7639764 
7639767 
7639770 
7639773 
7639776 
7639779 
7639833 
7639835 
7639837 
7639839 
7639841 
7639843 
7639845 
7639847 
7639849 
7639851 
7639853 
7639855 
7639857 
7639859 
7639861 
7639863 
7639865 
7639867 
7639869 
7639871 
7639873 
7639998 
7640000 
7640002 
7640004 
7640006 
7640008 
7640010 
7640012 
7640014 
7640016 
7640018 
7640020 
7640022 
7640024 
7640026 
7640028 
7640030 
7640032 
7640034 
7640036 
7640038 
5674326 
5674334 
5674353 
5674360 
5674637 
5674644 
7771969 
7771971 
7771973 
7771975 
7771977 
7771979 
7771981 
7771983 
7771985 
7771987 
7771989 
7771991 
7771993 
7771995 
7771997 
7771999 
7772001 
7772003 
7772005 
7772007 
5675781 
5675838 
5676008 
6855917 
6855921 
6855925 
6855929 
6855933 
6855937 
6855941 
6855945 
6855949 
6855953 
6855957 
6855961 
6855965 
6855969 
6855973 
6855977 
6855981 
6855985 
6855989 
6855993 
6855997 
6856001 
6856005 
6856083 
6856087 
6856091 
6856095 
6856099 
6856103 
6856107 
6856111 
6856115 
6856119 
6856123 
6856127 
6856131 
6856135 
6856139 
6856143 
6856147 
6856151 
6856155 
6856159 
6856163 
6856167 
6856171 
8036038 
8036041 
8036044 
8036047 
8036050 
8036053 
8036056 
8036059 
8036062 
8036065 
8036068 
8036071 
8036074 
8036077 
8036080 
8036083 
8036086 
8036089 
8036092 
8036095 
8036098 
8036101 
8036155 
8036157 
8036159 
8036161 
8036163 
8036165 
8036167 
8036169 
8036171 
8036173 
8036175 
8036177 
8036179 
8036181 
6856533 
8036183 
8036185 
6856537 
8036187 
8036189 
6856541 
8036191 
8036193 
6856545 
8036195 
6856549 
6856553 
6856557 
6856561 
6856565 
6856569 
6856573 
6856577 
6856581 
6856585 
6856589 
6856593 
6856597 
6856601 
6856605 
6856609 
6856613 
6856617 
6856621 
8036320 
8036322 
8036324 
8036326 
8036328 
8036330 
8036332 
8036334 
8036336 
8036338 
8036340 
8036342 
8036344 
8036346 
6856699 
8036348 
8036350 
6856703 
8036352 
8036354 
6856707 
8036356 
8036358 
6856711 
8036360 
6856715 
6856719 
6856723 
6856727 
6856731 
6856735 
6856739 
6856743 
6856747 
6856751 
6856755 
6856759 
6856763 
6856767 
6856771 
6856775 
6856779 
6856783 
6856787 
6726039 
6726042 
6726045 
6726048 
6726051 
6726054 
6726057 
6726060 
6726063 
6726066 
6726069 
6726072 
6726075 
6726078 
6726081 
6726084 
6726087 
6726090 
6726093 
6726096 
6726099 
6726102 
6726105 
8299128 
8168394 
8168396 
8168398 
8168400 
8168402 
8168404 
8168406 
8168408 
8168410 
8168412 
8168414 
8168416 
8168418 
8168420 
8168422 
8168424 
8168426 
8168428 
8168430 
8168432 
8168434 
7644246 
7644248 
7644250 
7644252 
7644254 
7644256 
7644258 
7644260 
7644262 
7644264 
7644266 
7644268 
7644270 
7644272 
7644274 
7644276 
7644278 
7644280 
7644282 
7644284 
7644286 
7644288 
5678265 
5678272 
7513435 
7513439 
7513443 
7513447 
7513451 
7513455 
7513459 
7513463 
7513467 
7513471 
7513475 
7513479 
7513483 
7513487 
7513491 
7513495 
7513499 
7513503 
7513507 
7513511 
7513515 
7513519 
6858285 
6858289 
6858293 
6858297 
6858301 
6858305 
6858309 
7513672 
6858313 
7513676 
6858317 
7513680 
6858321 
7513684 
6858325 
7513688 
6858329 
7513692 
6858333 
7513696 
6858337 
7513700 
6858341 
7513704 
6858345 
7513708 
6858349 
7513712 
6858353 
7513716 
6858357 
7513720 
6858361 
7513724 
6858365 
7513728 
6858369 
7513732 
6858373 
7513736 
7513740 
7513744 
7513748 
7513752 
7513756 
7513760 
6858451 
6858455 
6858459 
6858463 
6858467 
6858471 
6858475 
6858479 
6858483 
6858487 
6858491 
6858495 
6858499 
6858503 
6858507 
6858511 
6858515 
6858519 
6858523 
6858527 
5678882 
6858531 
6858535 
5678889 
6858539 
8169506 
8169508 
8169510 
8169512 
8169514 
8169516 
8169518 
8169520 
8169522 
8169524 
8169526 
8169528 
8169530 
8169532 
8169534 
8169536 
8169538 
8169540 
8169542 
8169544 
8169546 
6858901 
6858905 
6858909 
6858913 
6858917 
6858921 
6858925 
6858929 
6858933 
6858937 
6858941 
6858945 
6858949 
5810376 
6858953 
6858957 
6858961 
6858965 
6858969 
6858973 
6858977 
6858981 
6858985 
6858989 
5810425 
5810455 
5810461 
6859067 
6859071 
6859075 
6859079 
5679432 
6859083 
6859087 
5679439 
6859091 
6859095 
6859099 
6859103 
5679458 
6859107 
6859111 
5679465 
6859115 
6859119 
6859123 
6859127 
6859131 
6859135 
6859139 
6859143 
6859147 
6859151 
6859155 
5679532 
5679539 
5679558 
5679565 
8170122 
8170125 
8170128 
8170131 
8170134 
8170137 
8170140 
8170143 
8170146 
8170149 
8170152 
8170155 
8170158 
8170161 
6990513 
8170164 
6990517 
8170167 
6990521 
8170170 
8170173 
6990525 
8170176 
6990529 
8170179 
6990533 
8170182 
6990537 
6990541 
6990545 
6990549 
6990553 
6990557 
6990561 
6990565 
6990569 
6990573 
6990577 
6990581 
6990585 
6990589 
8170239 
8170241 
6990593 
8170243 
8170245 
6990597 
8170247 
8170249 
6990601 
8170251 
6990604 
8170253 
8170255 
8170257 
8170259 
8170261 
8170263 
8170265 
8170267 
8170269 
8170271 
8170273 
8170275 
8170277 
5811054 
5811065 
5811086 
10398614 
5680023 
10398617 
5811099 
10398620 
10398623 
10398626 
10398629 
10398632 
10398635 
10398638 
10398641 
10398644 
10398647 
10398650 
10398653 
10398656 
10398659 
10398662 
10398665 
10398668 
10398671 
10398674 
10398677 
8170688 
8170690 
8170692 
8170694 
8170696 
8170698 
8170700 
8170702 
8170704 
8170706 
8170708 
8170710 
8170712 
8170714 
8170716 
8170718 
8170720 
8170722 
8170724 
10399278 
10399281 
10399284 
10399287 
10399290 
10399293 
10399296 
10399299 
10399302 
10399305 
10399308 
10399311 
10399314 
10399317 
10399320 
10399323 
10399326 
10399329 
10399332 
10399335 
10399338 
10399341 
10399344 
10399348 
10399351 
10399354 
10399357 
10399360 
10399363 
10399366 
10399369 
10399372 
10399375 
10399378 
10399381 
10399384 
10399387 
10399390 
10399393 
10399396 
10399399 
10399402 
10399405 
10399408 
10399411 
10399414 
7647482 
7647485 
7647488 
7647491 
7647494 
7647497 
7647500 
7647503 
7647506 
7647509 
7647512 
7647515 
7647518 
7647521 
7647524 
7647527 
7647530 
7647533 
7647536 
7647539 
7647542 
7647545 
5681496 
5681503 
7647599 
7647601 
5681522 
7647603 
7647605 
7647607 
7647609 
5681529 
7647611 
7647613 
7647615 
7647617 
7647619 
7647621 
7647623 
7647625 
7647627 
7647629 
7647631 
7647633 
7647635 
7647637 
7647639 
5681596 
5681603 
5681622 
5681629 
7516655 
7516659 
7516663 
7516667 
7516671 
7516675 
7516679 
7516683 
7516687 
7516691 
7516695 
7516699 
7516703 
7516707 
7516711 
7516715 
7516719 
7516723 
7516727 
7516731 
7516735 
7516739 
7516743 
7647906 
7647908 
7647910 
7647912 
7647914 
7647916 
7647918 
7647920 
7647922 
7647924 
7647926 
7647928 
7647930 
7647932 
7647934 
7647936 
7647938 
7647940 
7647942 
7647944 
7647946 
7516892 
7516896 
7516900 
7516904 
7516908 
7516912 
7516916 
7516920 
7516924 
7648000 
7516928 
7648002 
7648004 
7516932 
7648006 
7648008 
7516936 
7648010 
7648012 
7516940 
7648014 
7648016 
7516944 
7648018 
7648020 
7516948 
7648022 
7648024 
7516952 
7648026 
7648028 
7516956 
7648030 
7648032 
7516960 
7648034 
7648036 
7516964 
7648038 
7648040 
7516968 
7648042 
7516972 
7648048 
7516976 
7648051 
7648054 
7648057 
7648060 
7648063 
7648066 
7648069 
7648072 
7648075 
7648078 
7648081 
7648084 
7648087 
7648090 
7648093 
7648096 
7648099 
7648102 
5682024 
7648105 
7648108 
7648111 
5813728 
5813774 
10401692 
10401695 
10401698 
10401701 
10401704 
10401707 
10401710 
10401713 
10401716 
10401719 
10401722 
10401725 
10401728 
10401731 
10401734 
10401737 
10401740 
10401743 
10401746 
10401749 
10401752 
10401755 
10401758 
10401762 
10401765 
10401768 
10401771 
10401774 
10401777 
10401780 
10401783 
10401786 
10401789 
10401792 
10401795 
10401798 
10401801 
10401804 
10401807 
10401810 
10401813 
10401816 
10401819 
10401822 
10401825 
10401828 
10402544 
10402547 
10402550 
10402553 
10402556 
10402559 
10402562 
10402565 
10402568 
10402571 
10402574 
10402577 
10402580 
10402583 
10402586 
10402589 
10402592 
10402595 
10402598 
10402601 
10402604 
10402607 
10402610 
10402614 
10402617 
10402620 
10402623 
10402626 
10402629 
10402632 
10402635 
10402638 
10402641 
10402644 
10402647 
10402650 
10402653 
10402656 
10402659 
10402662 
10402665 
10402668 
10402671 
10402674 
10402677 
10402680 
5684386 
5684437 
5684605 
5684609 
5684643 
5684746 
5684753 
5684769 
5684826 
5684830 
5685277 
5685284 
5685314 
5685321 
5685332 
5685411 
5685746 
5685753 
5685770 
5685778 
5685783 
5685789 
5685818 
5685826 
5685845 
5685852 
6996599 
6996602 
6996605 
6996608 
6996611 
6996614 
6996617 
6996620 
6996623 
6996626 
6996629 
6996632 
6996635 
6996638 
6996641 
6996644 
6996647 
6996650 
6996653 
6996656 
6996659 
6996662 
6996665 
6996667 
8176604 
8176606 
8176608 
8176610 
8176612 
8176614 
8176616 
8176618 
8176620 
8176622 
8176624 
8176626 
8176628 
8176630 
8176632 
8176634 
8176636 
8176638 
8176640 
8176642 
8045585 
8045587 
8045589 
8045591 
8045593 
8045595 
8045597 
8045599 
8045601 
8045603 
8045605 
8045607 
8045609 
8045611 
8045613 
8045615 
8045617 
8045619 
8045621 
8045623 
8045625 
8045627 
5687183 
5687439 
10145096 
5688648 
10145101 
10145106 
10145111 
10145116 
10145121 
10145126 
10145131 
10145136 
10145141 
10145146 
10145151 
10145156 
10145161 
10145166 
10145171 
10145176 
10145181 
10145186 
10145191 
5688744 
10145196 
8834477 
8834482 
8834487 
8834492 
6868416 
8834497 
6868420 
8834502 
6868424 
8834507 
6868428 
8834512 
6868432 
6868436 
8834517 
6868440 
8834522 
6868444 
8834527 
6868448 
8834532 
6868452 
6868456 
8834537 
6868460 
8834542 
6868464 
8834547 
6868468 
8834552 
6868472 
6868476 
8834557 
6868480 
8834562 
6868484 
8834567 
6868488 
8834572 
6868492 
6868496 
8834577 
8834582 
8834596 
8834600 
8834604 
8834608 
8834612 
8834616 
8834620 
8834624 
8834628 
8834632 
8834636 
8834640 
8834644 
8834648 
8834652 
8834656 
8834660 
8834664 
8834668 
5688940 
8834672 
8834676 
10145659 
10145664 
10145669 
10145674 
10145679 
10145684 
10145689 
10145694 
10145699 
10145704 
10145709 
10145714 
10145719 
10145724 
10145729 
10145734 
10145739 
10145744 
10145749 
10145754 
10145759 
10145826 
10145831 
10145836 
10145841 
10145846 
10145851 
10145856 
10145861 
7655497 
10145866 
7655499 
7655501 
10145871 
7655503 
7655505 
7655507 
10145876 
7655509 
7655511 
7655513 
7655515 
7655517 
7655519 
7655521 
7655523 
7655525 
7655527 
7655529 
7655531 
7655533 
7655535 
7655537 
5820538 
5820559 
5820568 
5820578 
5820585 
5820587 
5820590 
5689538 
10146040 
10146045 
10146050 
10146055 
10146060 
10146065 
10146070 
10146075 
10146080 
10146085 
10146090 
10146095 
10146100 
10146105 
5689657 
10146110 
10146115 
10146120 
10146125 
10146130 
10146228 
10146232 
10146236 
10146240 
10146244 
10146248 
10146252 
10146256 
10146260 
5689815 
10146264 
5689819 
10146268 
5689822 
10146272 
10146276 
10146280 
10146284 
10146288 
10146292 
10146296 
10146300 
10146304 
10146308 
10146321 
5689873 
10146323 
10146325 
10146327 
5689880 
10146329 
10146331 
10146333 
10146335 
10146337 
10146339 
10146341 
10146343 
5689896 
10146345 
10146347 
10146349 
10146351 
10146353 
5689905 
10146355 
10146357 
5689909 
10146359 
10146391 
10146393 
10146395 
10146397 
10146399 
10146401 
10146403 
10146405 
10146407 
10146409 
10146411 
10146413 
10146415 
10146417 
10146419 
10146421 
10146423 
10146425 
10146427 
5690163 
5690170 
5690200 
5690207 
5690218 
5690297 
11326828 
11326832 
11326836 
11326840 
11326844 
11326848 
11326852 
11326856 
11326860 
11326864 
11326868 
11326872 
11326876 
11326880 
11326884 
11326888 
11326892 
11326896 
11326900 
11326904 
11326908 
7657174 
7657176 
7657178 
7657180 
7657182 
7657184 
7657186 
7657188 
7657190 
7657192 
7657194 
7657196 
7657198 
7657200 
7657202 
7657204 
7657206 
7657208 
7657210 
7657212 
7657214 
11327325 
11327329 
11327333 
11327337 
11327341 
11327345 
11327349 
11327353 
11327357 
11327361 
11327365 
11327369 
11327373 
11327377 
11327381 
11327385 
11327389 
11327393 
11327397 
11327401 
11327405 
11327724 
11327727 
11327730 
11327733 
11327736 
11327739 
11327742 
11327745 
11327748 
11327751 
11327754 
11327757 
11327760 
11327763 
11327766 
11327769 
11327772 
11327775 
11327778 
11327781 
11327784 
11327787 
5691879 
5691886 
5691903 
5691911 
5691916 
5691942 
5692022 
5692029 
5692048 
7658829 
7658831 
7658833 
7658835 
7658837 
7658839 
7658841 
7658843 
7658845 
7658847 
7658849 
7658851 
7658853 
7658855 
7658857 
7658859 
7658861 
7658863 
7658865 
7658867 
7658869 
8053365 
8053368 
8053371 
8053374 
8053377 
8053380 
8053383 
8053386 
8053389 
8053392 
8053395 
8053398 
8053401 
8053404 
8053407 
8053410 
8053413 
8053416 
8053419 
8053422 
8053425 
8053428 
8053482 
8053484 
8053486 
8053488 
8053490 
8053492 
8053494 
8053496 
8053498 
8053500 
8053502 
8053504 
8053506 
8053508 
8053510 
8053512 
8053514 
8053516 
8053518 
8053520 
8053522 
8053789 
8053791 
8053793 
8053795 
8053797 
8053799 
8053801 
8053803 
8053805 
8053807 
8053809 
8053811 
8053813 
8053815 
8053817 
8053819 
8053821 
8053823 
8053825 
8053827 
8053829 
8053883 
8053885 
8053887 
8053889 
8053891 
8053893 
8053895 
8053897 
8053899 
8053901 
8053903 
8053905 
8053907 
8053909 
8053911 
8053913 
8053915 
8053917 
8053919 
8053921 
8053923 
8053925 
8053931 
8053934 
8053937 
8053940 
8053943 
8053946 
8053949 
8053952 
8053955 
8053958 
8053961 
8053964 
8053967 
8053970 
8053973 
8053976 
8053979 
8053982 
8053985 
8053988 
8053991 
8053994 
8055184 
8055186 
8055188 
8055190 
8055192 
8055194 
8055196 
8055198 
8055200 
8055202 
8055204 
8055206 
8055208 
8055210 
8055212 
8055214 
8055216 
8055218 
8055220 
8055222 
8055224 
8055349 
8055351 
8055353 
8055355 
8055357 
8055359 
8055361 
8055363 
8055365 
8055367 
8055369 
8055371 
8055373 
8055375 
8055377 
8055379 
8055381 
8055383 
8055385 
8055387 
8055389 
8055727 
8055729 
8055731 
8055733 
8055735 
8055737 
8055739 
8055741 
8055743 
8055745 
8055747 
8055749 
8055751 
8055753 
8055755 
8055757 
8055759 
8055761 
8055763 
8055765 
8055767 
5827646 
5827654 
8055917 
8055920 
8055923 
8055926 
8055929 
8055932 
8055935 
8055938 
8055941 
8055944 
8055947 
8055950 
8055953 
8055956 
8055959 
8055962 
8055965 
8055968 
8055971 
8055974 
8055977 
8055980 
5827778 
5827799 
5827808 
8056034 
8056036 
8056038 
8056040 
8056042 
5827818 
8056044 
8056046 
8056048 
5827825 
8056050 
5827827 
8056052 
8056054 
5827830 
8056056 
8056058 
8056060 
8056062 
8056064 
8056066 
8056068 
8056070 
8056072 
5827920 
5827923 
5829040 
5829049 
5829085 
5829101 
5829108 
5829187 
5829192 
5829201 
5829204 
5829359 
5829367 
5829369 
5829372 
5829378 
8844385 
8844390 
5829737 
8844395 
8844400 
8844405 
8844410 
8844415 
8844420 
8844425 
8844430 
8844435 
8844440 
8844445 
8844450 
8844455 
8844460 
8844465 
8844470 
8844475 
8844480 
8844485 
8844490 
5699229 
5699254 
8845023 
8845028 
8845033 
8845038 
8845043 
8845048 
8845053 
8845058 
8845063 
8845068 
8845073 
8845078 
8845083 
8845088 
8845093 
8845098 
8845103 
8845108 
8845113 
8845118 
8845123 
8845128 
8845142 
8845147 
5699420 
8845152 
5699424 
8845157 
8845162 
8845167 
8845172 
5699445 
8845177 
8845182 
8845187 
8845192 
8845197 
8845202 
8845207 
8845212 
8845217 
8845222 
8845227 
8845232 
8845237 
8845242 
5699635 
5699640 
5699644 
8845377 
8845382 
5699657 
8845387 
8845392 
8845397 
8845402 
8845407 
8845412 
8845417 
8845422 
8845427 
8845432 
8845437 
8845442 
8845447 
8845452 
8845457 
8845462 
8845467 
8845472 
8845477 
8845496 
8845500 
8845504 
8845508 
8845512 
8845516 
8845520 
8845524 
8845528 
5699800 
8845532 
5699805 
8845536 
8845540 
8845544 
8845548 
8845552 
8845556 
8845560 
8845564 
8845568 
8845572 
8845576 
8845580 
8845824 
8845829 
8845834 
8845839 
8845844 
8845849 
8845854 
8845859 
8845864 
8845869 
8845874 
8845879 
8845884 
8845889 
8845894 
8845899 
8845904 
8845909 
8845914 
5831258 
8845919 
8845924 
5831287 
5831289 
5831389 
5831391 
5831425 
5831427 
8846109 
8846114 
8846119 
8846124 
8846129 
8846134 
8846139 
8846144 
8846149 
8846154 
8846159 
8846164 
8846169 
8846174 
8846179 
8846184 
8846189 
8846194 
8846199 
8846204 
8846209 
7535545 
7535549 
7535553 
7535557 
7535561 
7535565 
7535569 
7535573 
7535577 
7535581 
7535585 
7535589 
7535593 
7535597 
7535601 
7535605 
7535609 
7535613 
7535617 
7535621 
8846344 
7535625 
8846348 
8846352 
8846356 
8846360 
8846364 
8846368 
8846372 
8846376 
8846380 
8846384 
8846388 
8846392 
8846396 
8846400 
8846404 
8846408 
8846412 
8846416 
8846420 
8846424 
8846428 
5701259 
5701336 
5701343 
5701362 
7275620 
7275625 
7275630 
7275635 
7275640 
7275645 
7275650 
7275655 
7275660 
7275665 
7275670 
7275675 
7275680 
7275685 
7275690 
7275695 
7275700 
7275705 
7275710 
7275715 
7275720 
7275725 
7276212 
7276217 
7276222 
7276227 
7276232 
7276237 
7276242 
7276247 
7276252 
7276257 
7276262 
7276267 
7276272 
7276277 
7276282 
7276287 
7276292 
7276297 
7276302 
7276307 
7276312 
5835044 
5835053 
5835083 
5835170 
5835179 
5835200 
5835209 
5835761 
5835774 
5835794 
5835796 
5835811 
5835920 
5835929 
7671076 
7671079 
7671082 
7671085 
7671088 
7671091 
7671094 
7671097 
7671100 
7671103 
7671106 
7671109 
7671112 
7671115 
7671118 
7671121 
7671124 
7671127 
7671130 
7671133 
7671136 
7671139 
7671193 
7671195 
7671197 
7671199 
7671201 
7671203 
7671205 
7671207 
7671209 
7671211 
7671213 
7671215 
7671217 
7671219 
7671221 
7671223 
7671225 
7671227 
7671229 
7671231 
5836250 
5706996 
5707018 
5707028 
7542080 
7542084 
7542088 
7542092 
7542096 
7542100 
7542104 
7542108 
7542112 
7542116 
7542120 
7542124 
7542128 
7542132 
7542136 
7542140 
7542144 
7542148 
7542152 
7542156 
7542160 
7542164 
7280095 
7280100 
7280105 
7280110 
7280115 
7280120 
7280125 
7280130 
7280135 
7280140 
7280145 
7280150 
7280155 
7280160 
7280165 
7280170 
7280175 
7280180 
7280185 
7280190 
7280195 
7280213 
7280216 
7280219 
7280222 
7280225 
7280228 
7280231 
7280234 
7280237 
7280240 
7280243 
7280246 
7280249 
7280252 
7280255 
7280258 
7280261 
7280264 
7280267 
7280270 
7280273 
7280276 
7280279 
7542458 
7542461 
7542464 
7542467 
7542470 
7542473 
7542476 
7542479 
7542482 
7542485 
7542488 
7542491 
7542494 
7542497 
7542500 
7542503 
7542506 
7542509 
7542512 
7542515 
7542518 
5707737 
5707791 
7542837 
7542840 
7542843 
7542846 
7542849 
7542852 
7280710 
7542855 
7280713 
7542858 
7280716 
7542861 
7280719 
7542864 
7280722 
7542867 
7280725 
7542870 
7280728 
7542873 
7280731 
7542876 
7280734 
7542879 
7280737 
7542882 
7280740 
7542885 
7280743 
7542888 
7280746 
7542891 
7280749 
7542894 
7280752 
7542897 
7280755 
7542900 
7280758 
7542903 
7280761 
7280764 
7280767 
7280770 
7280773 
7543192 
7543195 
7543198 
7543201 
7543204 
7543207 
7543210 
7543213 
7543216 
7543219 
7543222 
7543225 
7543228 
7543231 
7543234 
7543237 
7543240 
7543243 
7543246 
7543249 
7543252 
7543255 
8854246 
8854251 
8854256 
8854261 
8854266 
8854271 
8854276 
8854281 
8854286 
8854291 
8854296 
8854301 
8854306 
8854311 
8854316 
8854321 
8854326 
8854331 
8854336 
8854341 
8854346 
8854365 
8854370 
8854375 
8854380 
8854385 
8854390 
8854395 
8854400 
8854405 
8854410 
8854415 
8854420 
8854425 
8854430 
8854435 
8854440 
8854445 
8854450 
8854455 
8854460 
8854465 
10689708 
10689711 
10689714 
10689717 
10689720 
10689723 
10689726 
10689729 
10689732 
10689735 
10689738 
10689741 
10689744 
10689747 
10689750 
10689753 
10689756 
10689759 
10689762 
10689765 
10689768 
10689771 
10689774 
10689778 
10689781 
10689784 
10689787 
10689790 
10689793 
10689796 
10689799 
10689802 
10689805 
10689808 
10689811 
10689814 
10689817 
10689820 
10689823 
10689826 
10689829 
10689832 
10689835 
10689838 
10689841 
10689844 
5709278 
5709288 
5709414 
5709424 
8855167 
8855172 
8855177 
8855182 
8855187 
8855192 
8855197 
8855202 
8855207 
8855212 
8855217 
8855222 
8855227 
8855232 
8855237 
8855242 
8855247 
8855252 
8855257 
8855262 
8855267 
8855272 
5840695 
10690417 
10690419 
10690421 
10690423 
10690425 
10690427 
10690429 
10690431 
10690433 
10690435 
10690437 
10690439 
10690441 
10690443 
10690445 
10690447 
10690449 
10690451 
10690453 
10690455 
10690457 
8855497 
8855502 
8855507 
8855512 
8855517 
8855522 
8855527 
8855532 
8855537 
8855542 
8855547 
8855552 
8855557 
8855562 
8855567 
8855572 
8855577 
8855582 
8855587 
8855592 
8855597 
8855782 
8855787 
8855792 
8855797 
8855802 
8855807 
8855812 
8855817 
8855822 
8855827 
8855832 
8855837 
8855842 
8855847 
8855852 
8855857 
8855862 
8855867 
8855872 
8855877 
8855882 
5710212 
8856017 
8856022 
8856027 
8856032 
8856037 
8856042 
8856047 
8856052 
8856057 
8856062 
8856067 
8856072 
8856077 
8856082 
8856087 
8856092 
8856097 
8856102 
8856107 
8856112 
8856117 
8856136 
8856140 
8856144 
8856148 
8856152 
8856156 
8856160 
8856164 
8856168 
8856172 
8856176 
8856180 
8856184 
8856188 
8856192 
8856196 
8856200 
8856204 
8856208 
8856212 
8856216 
5710490 
8856220 
5710505 
5710521 
9904836 
9904839 
5710536 
9904842 
9904845 
9904848 
9904851 
9904854 
9904857 
9904860 
9904863 
9904866 
9904869 
9904872 
9904875 
9904878 
9904881 
9904884 
9904887 
9904890 
9904893 
9904896 
9904899 
9904902 
9774484 
9905994 
9905997 
9906000 
9906003 
9906006 
9906009 
9906012 
9906015 
9906018 
9906021 
9906024 
9906027 
9906030 
9906033 
9906036 
9906039 
9906042 
9906045 
9906048 
9906051 
9906054 
5712205 
5712255 
7285204 
7285209 
7285214 
7285219 
7285224 
7285229 
7285234 
7285239 
7285244 
7285249 
7285254 
7285259 
9906702 
7285264 
9906705 
9906708 
7285269 
9906711 
9906714 
7285274 
9906717 
7285279 
9906720 
9906723 
7285284 
9906726 
9906729 
7285289 
9906732 
7285294 
9906735 
9906738 
7285299 
9906741 
9906744 
7285304 
9906747 
9906750 
9906753 
9906756 
9906759 
9906762 
7285323 
9906765 
7285327 
7285331 
7285335 
7285339 
7285343 
7285347 
7285351 
7285355 
7285359 
5843568 
5843570 
7285363 
7285367 
7285371 
7285375 
7285379 
7285383 
7285387 
5843597 
7285391 
7285395 
7285399 
7285403 
9906844 
9906847 
7285407 
9906850 
9906853 
9906856 
7285418 
9906859 
7285421 
9906862 
7285424 
9906865 
7285427 
9906868 
7285430 
9906871 
7285433 
9906874 
7285436 
9906877 
7285439 
9906880 
7285442 
9906883 
7285445 
9906886 
7285448 
9906889 
7285451 
9906892 
7285454 
9906895 
7285457 
9906898 
7285460 
9906901 
7285463 
9906904 
7285466 
9906907 
7285469 
9906910 
7285472 
7285475 
7285478 
7285481 
5843783 
5843792 
7285703 
7285707 
7285711 
7285715 
7285719 
7285723 
7285727 
7285731 
7285735 
7285739 
7285743 
7285747 
7285751 
7285755 
7285759 
7285763 
7285767 
7285771 
5843982 
7285775 
5843984 
7285779 
7285783 
7285787 
5844048 
5844050 
5844166 
5844170 
5713599 
5713614 
5713908 
5713933 
5713958 
5713974 
5713989 
5714004 
10694816 
5714082 
10694819 
10694822 
10694825 
10694828 
10694831 
5714097 
10694834 
10694837 
10694840 
10694843 
10694846 
10694849 
10694852 
10694855 
10694858 
10694861 
10694864 
10694867 
10694870 
10694873 
10694876 
10694879 
10694882 
10695029 
10695032 
10695035 
10695038 
10695041 
10695044 
10695047 
10695050 
10695053 
10695056 
10695059 
10695062 
10695065 
10695068 
10695071 
10695074 
10695077 
10695080 
10695083 
10695086 
10695089 
5714439 
5714446 
5714462 
7025204 
7025208 
7025212 
7025216 
7025220 
7025224 
7025228 
7025232 
7025236 
7025240 
7025244 
7025248 
7025252 
7025256 
7025260 
7025264 
7025268 
7025272 
7025276 
7025280 
7025284 
7025288 
5714568 
5714572 
5714585 
5714589 
5714616 
5714620 
5714627 
5714807 
5714945 
5714949 
5714962 
5714966 
5714969 
5715283 
5715354 
5715424 
5715943 
5715947 
7944253 
7944256 
7944259 
7944262 
7944265 
7944268 
7944271 
7944274 
7944277 
7944280 
7944283 
7944286 
7944289 
7944292 
7944295 
7944298 
7944301 
7944304 
7944307 
7944310 
7944313 
7944370 
7944372 
7944374 
7944376 
7944378 
7944380 
7944382 
7944384 
7944386 
7944388 
7944390 
7944392 
7944394 
7944396 
7944398 
7944400 
7944402 
7289109 
7289114 
7289119 
7289124 
7289129 
7289134 
7289139 
7289144 
7289149 
7289154 
7289159 
7289164 
7289169 
7289174 
7289179 
7289184 
7289189 
7289194 
7289199 
7289204 
7289209 
7289214 
7289228 
7289231 
7289234 
7289237 
7289240 
7289243 
7289246 
7289249 
7289252 
7289255 
7289258 
7289261 
7289264 
7289267 
7289270 
7289273 
7289276 
7289279 
7289282 
7289285 
7289288 
7289291 
7027475 
7027478 
7027481 
7027484 
7027487 
7027490 
7027493 
7027496 
7027499 
7027502 
7027505 
7027508 
7027511 
7027514 
7027517 
7027520 
7027523 
7027526 
7027529 
7027532 
7027535 
7945103 
7945105 
7945107 
7945109 
7945111 
7945113 
7945115 
7945117 
7945119 
7945121 
7945123 
7945125 
7945127 
7945129 
7945131 
7945133 
7945135 
7945137 
5717473 
5717488 
5717503 
5717519 
7945931 
7945933 
7945935 
7945937 
7945939 
7945941 
7945943 
7945945 
7945947 
7945949 
7945951 
7945953 
7945955 
7945957 
7945959 
7945961 
7945963 
7945965 
7945967 
7945969 
10699494 
10699497 
10699500 
10699503 
10699506 
10699509 
10699512 
10699515 
10699518 
10699521 
10699524 
10699527 
10699530 
10699533 
10699536 
10699539 
10699542 
10699545 
10699548 
10699551 
10699554 
10699557 
10699560 
10699564 
10699567 
10699570 
10699573 
10699576 
10699579 
10699582 
10699585 
10699588 
10699591 
10699594 
10699597 
10699600 
10699603 
10699606 
10699609 
10699612 
10699615 
10699618 
10699621 
10699624 
10699627 
10699630 
7947812 
7947815 
5719761 
5719765 
5719904 
5719908 
5719915 
5720209 
10701056 
10701059 
10701062 
10701065 
10701068 
10701071 
10701074 
10701077 
10701080 
10701083 
10701086 
10701089 
10701092 
10701095 
10701098 
10701101 
10701104 
10701107 
10701110 
10701113 
10701116 
10701119 
10701122 
10701126 
10701129 
10701132 
10701135 
10701138 
10701141 
10701144 
10701147 
10701150 
10701153 
10701156 
10701159 
10701162 
10701165 
10701168 
10701171 
10701174 
10701177 
10701180 
10701183 
10701186 
10701189 
10701192 
7032114 
7032117 
7032120 
7032123 
7032126 
7032129 
7032132 
7032135 
7032138 
7032141 
7032144 
7032147 
7032150 
7032153 
7032156 
7032159 
7032162 
7032165 
7032168 
7032171 
7032174 
7032177 
7032180 
10703269 
10703849 
10703852 
10703855 
10703858 
10703861 
10703864 
10703867 
10703870 
10703873 
10703876 
10703879 
10703882 
10703885 
10703888 
10703891 
10703894 
10703897 
10703900 
10703903 
10703906 
10703909 
10703912 
10703966 
10703969 
10703972 
10703975 
10703978 
10703981 
10703984 
10703987 
10703990 
10703993 
10703996 
10703999 
10704002 
10704005 
10704008 
10704011 
10704014 
10704017 
10704020 
10704023 
10704026 
10704029 
10704032 
10704034 
5723510 
5723526 
5723541 
5723556 
9262940 
9262945 
9262950 
9262955 
9262960 
9262965 
9262970 
9262975 
9262980 
9262985 
9262990 
9262995 
9263000 
9263005 
9263010 
9263015 
9263020 
9263025 
9263030 
9263035 
9263040 
9263045 
9263503 
9263508 
9263513 
9263518 
9263523 
9263528 
9263533 
9263538 
9263543 
9263548 
9263553 
9263558 
9263563 
9263568 
9263573 
9263578 
9263583 
9263588 
9263593 
9263598 
9263603 
9263669 
9263674 
9263679 
9263684 
9263689 
9263694 
9263699 
9263704 
9263709 
9263714 
9263719 
9263724 
9263729 
9263734 
9263739 
9263744 
9263749 
9263754 
9263759 
9263764 
9263769 
9264071 
9264075 
9264079 
9264083 
9264087 
9264091 
9264095 
9264099 
9264103 
9264107 
9264111 
9264115 
9264119 
9264123 
9264127 
9264131 
9264135 
9264139 
9264143 
9264147 
10313151 
10313156 
10313161 
10313166 
10313171 
10313176 
10313181 
10313186 
10313191 
10313196 
10313201 
10313206 
10313211 
10313216 
10313221 
10313226 
10313231 
10313236 
10313241 
10313246 
10313251 
10313317 
10313322 
10313327 
10313332 
10313337 
10313342 
10313347 
10313352 
10313357 
10313362 
10313367 
10313372 
10313377 
10313382 
10313387 
10313392 
10313397 
10313402 
10313407 
10313412 
10313417 
9920871 
9920874 
9920877 
9920880 
9920883 
9920886 
9920889 
9920892 
9920895 
9920898 
9920901 
9920904 
9920907 
9920910 
9920913 
9920916 
9920919 
9920922 
9920925 
9920928 
9920931 
9920934 
9921130 
9921133 
9921136 
9921139 
9921142 
9921145 
9921148 
9921151 
9921154 
9921157 
9921160 
9921163 
9921166 
9921169 
9921172 
9921175 
9921178 
9921181 
9921184 
9921187 
9921190 
9921193 
9921626 
9921629 
9921632 
9921635 
9921638 
9921641 
9921644 
9921647 
9921650 
9921653 
9921656 
9921659 
9921662 
9921665 
9921668 
9921671 
9921674 
9921677 
9921680 
9921683 
9921686 
9921689 
9921692 
5727497 
5727501 
5727532 
5727567 
9921932 
9921935 
9921938 
9921941 
9921944 
9921947 
9921950 
9921953 
9921956 
9921959 
9921962 
9921965 
9921968 
9921971 
9921974 
9921977 
9921980 
9921983 
9921986 
9921989 
9921992 
9921995 
8218697 
8218701 
8218705 
8218709 
8218713 
8218717 
8218721 
8218725 
8218729 
8218733 
8218737 
8218741 
8218745 
8218749 
8218753 
8218757 
8218761 
8218765 
10316206 
10316211 
10316216 
10316221 
10316226 
10316231 
10316236 
10316241 
10316246 
10316251 
8219099 
8219102 
10316256 
8219105 
8219108 
10316261 
8219111 
10316266 
8219114 
8219117 
10316271 
8219120 
8219123 
10316276 
8219126 
10316281 
8219129 
8219132 
10316286 
8219135 
8219138 
10316291 
8219141 
10316296 
8219144 
8219147 
10316301 
8219150 
8219153 
10316306 
10316311 
8219454 
8219457 
8219460 
8219463 
8219466 
8219469 
8219472 
8219475 
8219478 
8219481 
8219484 
8219487 
8219490 
8219493 
8219496 
8219499 
8219502 
8219505 
10316769 
10316774 
10316779 
10316784 
10316789 
10316794 
10316799 
10316804 
10316809 
10316814 
10316819 
10316824 
10316829 
10316834 
10316839 
10316844 
10316849 
10316854 
10316859 
10316864 
10316869 
10316936 
10316941 
10316946 
10316951 
10316956 
10316961 
8219809 
8219812 
10316966 
8219815 
8219818 
10316971 
8219821 
10316976 
8219824 
8219827 
10316981 
8219830 
5729464 
8219833 
10316986 
8219836 
10316991 
8219839 
8219842 
10316996 
8219845 
8219848 
10317001 
8219851 
10317006 
8219854 
8219857 
10317011 
8219860 
10317016 
10317021 
10317026 
10317150 
10317155 
10317160 
10317165 
10317170 
10317175 
10317180 
10317185 
10317190 
10317195 
10317200 
10317205 
10317210 
10317215 
10317220 
8220068 
8220071 
10317225 
8220074 
8220077 
10317230 
8220080 
10317235 
8220083 
8220086 
10317240 
8220089 
8220092 
10317245 
8220095 
10317250 
8220098 
8220101 
8220104 
8220107 
8220110 
8220113 
8220116 
8220119 
8220122 
8220125 
8220128 
5729803 
8220185 
10317338 
5729818 
8220187 
8220189 
10317342 
8220191 
8220193 
10317346 
8220195 
8220197 
10317350 
8220199 
8220201 
10317354 
8220203 
8220205 
10317358 
8220207 
5729840 
8220209 
10317362 
8220211 
8220213 
10317366 
8220215 
8220217 
10317370 
10317374 
10317378 
10317382 
5729864 
10317386 
10317390 
8744526 
10317394 
8744530 
10317398 
8744534 
10317402 
8744538 
10317406 
8744542 
10317410 
8744546 
10317414 
8744550 
10317418 
8744554 
10317422 
8744558 
8744562 
8744566 
10317431 
10317433 
8744570 
10317435 
10317437 
8744574 
10317439 
10317441 
8744578 
10317443 
10317445 
8744582 
10317447 
10317449 
8744586 
10317451 
10317453 
8744590 
10317455 
10317457 
8744594 
10317459 
10317461 
8744598 
10317463 
10317465 
8744602 
10317467 
10317469 
10317471 
10317473 
5729961 
10317501 
10317503 
10317505 
10317507 
10317509 
10317511 
10317513 
10317515 
10317517 
10317519 
5729999 
10317521 
10317523 
10317525 
10317527 
10317529 
10317531 
10317533 
10317535 
10317537 
10317539 
10317541 
10317543 
5730051 
5730159 
8220680 
8220682 
8220684 
8220686 
8220688 
8220690 
8220692 
8220694 
8220696 
8220698 
8220700 
8220702 
8220704 
8220706 
8220708 
8220710 
8220712 
8220714 
5730362 
5730377 
5730392 
8220774 
8220776 
5730408 
8220778 
8220780 
8220782 
8220784 
8220786 
8220788 
8220790 
5730423 
8220792 
8220794 
8220796 
8220798 
8220800 
8220802 
8220804 
8220806 
5730438 
8220808 
8220810 
8220812 
8220879 
8220882 
5730516 
5730531 
5730595 
5730602 
5730618 
6779433 
6779437 
6779441 
6779445 
6779449 
6779453 
6779457 
6779461 
6779465 
6779469 
6779473 
6779477 
6779481 
6779485 
6779489 
6779493 
6779497 
6779501 
6779505 
6779509 
6779513 
5862023 
5862057 
5862081 
6779599 
6779603 
6779607 
6779611 
6779615 
6779619 
6779623 
6779627 
6779631 
6779635 
6779639 
6779643 
6779647 
6779651 
6779655 
6779659 
6779663 
6779667 
6779671 
6779675 
6779679 
6779683 
6779687 
5731135 
5731139 
5731176 
5731180 
5862281 
5862284 
5862441 
5731375 
5862451 
5731379 
5731386 
8090860 
8090863 
8090866 
8090869 
8090872 
8090875 
8090878 
8090881 
8090884 
8090887 
8090890 
8090893 
8090896 
8090899 
8090902 
8090905 
8090908 
8090911 
8090914 
8090917 
5731778 
8091215 
8091218 
8091221 
8091224 
8091227 
8091230 
8091233 
8091236 
8091239 
8091242 
8091245 
8091248 
8091251 
8091254 
8091257 
8091260 
8091263 
8091266 
8091269 
8091272 
8091275 
10319584 
10319589 
10319594 
10319599 
10319604 
10319609 
10319614 
10319619 
10319624 
5732108 
10319629 
5732112 
10319634 
10319639 
10319644 
5732125 
10319649 
5732129 
5732132 
10319654 
10319659 
10319664 
10319669 
10319674 
10319679 
10319684 
10319701 
10319703 
5732184 
10319705 
10319707 
10319709 
10319711 
5732191 
10319713 
10319715 
10319717 
10319719 
10319721 
10319723 
10319725 
10319727 
5732207 
10319729 
10319731 
10319733 
10319735 
5732216 
10319737 
10319739 
5732220 
10319741 
10319743 
10319745 
8091570 
8091573 
8091576 
8091579 
8091582 
8091585 
8091588 
8091591 
8091594 
8091597 
8091600 
8091603 
8091606 
8091609 
8091612 
8091615 
8091618 
8091621 
8091624 
8091627 
5863580 
5863617 
5863619 
8091949 
8091952 
8091955 
8091958 
8091961 
8091964 
8091967 
8091970 
8091973 
8091976 
8091979 
8091982 
8091985 
8091988 
8091991 
8091994 
8091997 
8092000 
8092003 
8092006 
8092009 
8092012 
5863941 
5733693 
5733708 
5733723 
5733739 
7046257 
7046260 
7046263 
7046266 
7046269 
7046272 
7046275 
7046278 
7046281 
7046284 
7046287 
7046290 
7046293 
7046296 
7046299 
7046302 
7046305 
7046308 
7046311 
7046314 
7046317 
7046320 
5867541 
5736968 
5737015 
5737042 
5737046 
5737065 
5868154 
5868347 
5737315 
5868469 
5868472 
5868522 
5868526 
5869053 
5869057 
5869103 
5869106 
5869120 
5869124 
7049068 
7049071 
7049074 
7049077 
7049080 
7049083 
7049086 
7049089 
7049092 
7049095 
7049098 
7049101 
7049104 
7049107 
7049110 
7049113 
7049116 
7049119 
7049122 
7049125 
7049128 
5739096 
5739112 
5739127 
5739142 
5739153 
5739157 
5739178 
5739182 
5870506 
5870529 
5870545 
5739583 
8230263 
8230265 
8230267 
8230269 
8230271 
8230273 
8230275 
8230277 
8230279 
8230281 
8230283 
8230285 
8230287 
8230289 
8230291 
8230293 
7707278 
7707281 
7707284 
7707287 
7707290 
7707293 
7707296 
7707299 
7707302 
7707305 
7707308 
7707311 
7707314 
7707317 
7707320 
7707323 
7707326 
7707329 
7707332 
7707335 
7707633 
7707636 
7707639 
7707642 
7707645 
7707648 
7707651 
7707654 
7707657 
7707660 
7707663 
7707666 
7707669 
7707672 
7707675 
7707678 
7707681 
7707684 
7707687 
7707690 
7707693 
7707988 
7707991 
7707994 
7707997 
7708000 
7708003 
7708006 
7708009 
7708012 
7708015 
7708018 
7708021 
7708024 
7708027 
7708030 
7708033 
7708036 
7708039 
7708042 
7708045 
7052776 
7052780 
7052784 
7052788 
7052792 
7052796 
7052800 
7052804 
7052808 
7052812 
7052816 
7052820 
7052824 
7052828 
7052832 
7052836 
7052840 
7052844 
7052848 
7052852 
7052856 
7052860 
7052871 
7052875 
7052879 
7052883 
7052887 
7052891 
7052895 
7052899 
7052903 
7052907 
7052911 
7052915 
7052919 
7052923 
7052927 
7052931 
7052935 
7052939 
7052943 
7052947 
7052951 
7052955 
7052965 
7052968 
7052971 
7052974 
7052977 
7052980 
7052983 
7052986 
7052989 
7052992 
7052995 
7052998 
7053001 
7053004 
7708367 
7053007 
7708370 
7053010 
7708373 
7053013 
7708376 
7053016 
7708379 
7053019 
7708382 
7053022 
7708385 
7053025 
7708388 
7708391 
7708394 
7708397 
7708400 
7708403 
7708406 
7708409 
7708412 
7708415 
7708418 
7708421 
7708424 
7708427 
7708430 
7054194 
7054196 
7054198 
7054200 
7054202 
7054204 
7054206 
7054208 
7054210 
7054212 
7054214 
7054216 
7054218 
7054220 
7054222 
7054224 
7054226 
7054228 
7054230 
7054232 
7054359 
7054361 
7054363 
7054365 
7054367 
7054369 
7054371 
7054373 
7054375 
7054377 
7054379 
7054381 
7054383 
7054385 
7054387 
7054389 
7054391 
7054393 
7054395 
7054397 
7054399 
7054737 
7054739 
7054741 
7054743 
7054745 
7054747 
7054749 
7054751 
7054753 
7054755 
7054757 
7054759 
7054761 
7054763 
7054765 
7054767 
7054769 
7054771 
7054773 
7054775 
7054777 
7054779 
7054927 
7054930 
7054933 
7054936 
7054939 
7054942 
7054945 
7054948 
7054951 
7054954 
7054957 
7054960 
7054963 
7054966 
7054969 
7054972 
7054975 
7054978 
7054981 
7054984 
7054987 
7054990 
7055044 
7055046 
7055048 
7055050 
7055052 
7055054 
7055056 
7055058 
7055060 
7055062 
7055064 
7055066 
7055068 
7055070 
7055072 
7055074 
7055076 
7055078 
7055080 
7055082 
7055084 
6924339 
6924342 
6924345 
6924348 
6924351 
6924354 
6924357 
6924360 
6924363 
6924366 
6924369 
6924372 
6924375 
6924378 
6924381 
6924384 
6924387 
6924390 
6924393 
6924396 
6924399 
6924402 
6794028 
6794032 
6794036 
6794040 
6794044 
6794048 
6794052 
6794056 
6794060 
6794064 
6794068 
6794072 
6794076 
6794080 
6794084 
6794088 
6794092 
6794096 
6794100 
6794104 
6794108 
6794194 
6794198 
6794202 
6794206 
6794210 
6794214 
6794218 
6794222 
6794226 
6794230 
6794234 
6794238 
6794242 
6794246 
6794250 
6794254 
6794258 
6794262 
6794266 
6794270 
6794274 
6794278 
6794282 
6925544 
6925547 
6925550 
6925553 
6925556 
6925559 
6925562 
6925565 
6925568 
6925571 
6925574 
6925577 
6925580 
6925583 
6925586 
6925589 
6925592 
6925595 
6925598 
6925601 
6663558 
6663563 
6663568 
6663573 
6663578 
6663583 
6663588 
6663593 
6663598 
6663603 
6663608 
6663613 
6663618 
6663623 
6663628 
6663633 
6663638 
6663643 
6663648 
6663653 
6663658 
6663663 
6663668 
6663672 
5747128 
5747165 
5747181 
5747187 
7582685 
7582688 
7582691 
7582694 
7582697 
7582700 
7582703 
7582706 
7582709 
7582712 
7582715 
7582718 
7582721 
7582724 
7582727 
7582730 
7582733 
7582736 
7582739 
7582742 
7582745 
5747738 
5747755 
5747774 
5747799 
7583868 
7583871 
7583874 
7583877 
7583880 
7583883 
7583886 
7583889 
7583892 
7583895 
7583898 
7583901 
7583904 
7583907 
7583910 
7583913 
7583916 
7583919 
7583922 
7583925 
7583928 
7583931 
7583934 
6929494 
6929498 
6929502 
6929506 
6929510 
6929514 
6929518 
6929522 
6929526 
6929530 
6929534 
6929538 
6929542 
6929546 
6929550 
6929554 
6929558 
6929562 
6929566 
6929570 
6929574 
6929578 
6929582 
6929589 
6929593 
6929597 
6929601 
6929605 
6929609 
6929613 
6929617 
6929621 
6929625 
6929629 
6929633 
6929637 
6929641 
6929645 
6929649 
6929653 
6929657 
6929661 
6929665 
6929669 
6929673 
7061054 
7061057 
7061060 
7061063 
7061066 
7061069 
7061072 
7061075 
7061078 
7061081 
7061084 
7061087 
7061090 
7061093 
7061096 
7061099 
7061102 
7061105 
7061108 
7061111 
7061114 
7061220 
7061224 
7061228 
7061232 
7061236 
7061240 
7061244 
7061248 
7061252 
7061256 
7061260 
7061264 
7061268 
7061272 
7061276 
7061280 
7061284 
7061288 
7061292 
7061296 
7061300 
7061304 
7323610 
7323614 
7323618 
7323622 
7323626 
7323630 
6930416 
7323634 
6930419 
7323638 
6930422 
6930425 
7323642 
6930428 
7323646 
6930431 
7323650 
6930434 
6930437 
7323654 
6930440 
7323658 
6930443 
7323662 
6930446 
6930449 
7323666 
6930452 
7323670 
6930455 
7323674 
6930458 
6930461 
7323678 
6930464 
7323682 
6930467 
7323686 
6930470 
6930473 
7323690 
6930476 
7323694 
7323698 
7061908 
7061913 
7061918 
7061923 
7061928 
7061933 
7061938 
7061943 
7061948 
7061953 
7061958 
7061963 
7061968 
7061973 
7061978 
7061983 
7061988 
7061993 
7061998 
7062003 
7062008 
7062013 
7062097 
7062101 
7062105 
7062109 
7062113 
7062117 
7062121 
7062125 
7062129 
7062133 
7062137 
7062141 
7062145 
7062149 
7062153 
7062157 
7062161 
7062165 
7062169 
7062173 
7062177 
7062358 
7062362 
7062366 
7062370 
7062374 
7062378 
7062382 
7062386 
7062390 
7062394 
7062398 
7062402 
7062406 
7062410 
11256716 
7062414 
11256720 
7062418 
11256724 
7062422 
11256728 
7062426 
11256732 
7062430 
11256736 
7062434 
11256740 
7062438 
11256744 
11256748 
11256752 
11256756 
11256760 
11256764 
11256768 
11256772 
11256776 
11256780 
11256784 
11256788 
11256792 
11256796 
11126226 
11126230 
11126234 
11126238 
11126242 
11126246 
11126250 
11126254 
11126258 
11126262 
11126266 
11126270 
11126274 
11126278 
11126282 
11126286 
11126290 
11126294 
11126298 
11126302 
11126306 
11126310 
7325432 
7325436 
7325440 
7325444 
7325448 
7325452 
7325456 
7325460 
7325464 
7325468 
7325472 
7325476 
7325480 
7325484 
7325488 
7325492 
7325496 
7325500 
7325504 
7325508 
7325512 
7325516 
7325520 
7325598 
7325602 
7325606 
7325610 
7325614 
7325618 
7325622 
7325626 
7325630 
7325634 
7325638 
7325642 
7325646 
7325650 
7325654 
7325658 
7325662 
7325666 
7325670 
7849959 
7325674 
7849963 
7325678 
7849967 
7325682 
7849971 
7325686 
7849975 
7849979 
7849983 
7849987 
7849991 
7849995 
7849999 
7850003 
7850007 
7850011 
7850015 
7850019 
7850023 
11127008 
11127012 
11127016 
11127020 
11127024 
11127028 
11127032 
11127036 
11127040 
11127044 
11127048 
11127052 
11127056 
11127060 
11127064 
11127068 
11127072 
11127076 
11127080 
11127084 
11127088 
11127092 
7326048 
7326052 
7326056 
7326060 
7326064 
7326068 
7326072 
7850361 
7850364 
7326076 
7850367 
7326080 
7850370 
7326084 
7850373 
7850376 
7326088 
7850379 
6932875 
7326092 
6932877 
7850382 
6932879 
7326096 
7850385 
6932881 
6932883 
7850388 
7326100 
6932885 
7850391 
6932887 
7326104 
6932889 
7850394 
6932891 
7326108 
7850397 
6932893 
6932895 
7850400 
7326112 
6932897 
7850403 
6932899 
7326116 
6932901 
7850406 
6932903 
7326120 
7850409 
6932905 
6932907 
7850412 
7326124 
6932909 
7850415 
6932911 
7326128 
6932913 
7326132 
7326136 
6933040 
6933042 
6933044 
6933046 
6933048 
6933050 
6933052 
6933054 
6933056 
6933058 
6933060 
6933062 
6933064 
6933066 
6933068 
6933070 
6933072 
7326290 
6933074 
6933076 
7326294 
6933078 
6933080 
7326298 
7064230 
7064234 
7064238 
7064242 
7064246 
7064250 
7064254 
7064258 
7064262 
7064266 
7064270 
7064274 
7064278 
7064282 
7850716 
7064286 
7850719 
7850722 
7064290 
7850725 
7064294 
7850728 
7064298 
7850731 
7850734 
7064302 
7850737 
7064306 
7850740 
7064310 
7850743 
7850746 
7064314 
7850749 
7850752 
7850755 
7850758 
7850761 
7850764 
7850767 
11127577 
11127581 
11127585 
11127589 
11127593 
11127597 
11127601 
11127605 
11127609 
11127613 
11127617 
11127621 
11127625 
11127629 
11127633 
11127637 
11127641 
11127645 
11127649 
11127653 
11127657 
11127661 
11127665 
6933418 
6933420 
6933422 
6933424 
6933426 
6933428 
6933430 
6933432 
6933434 
6933436 
6933438 
6933440 
6933442 
6933444 
6933446 
6933448 
6933450 
6933452 
6933454 
6933456 
6933458 
6933460 
7851071 
7851074 
7851077 
7851080 
7851083 
7851086 
7851089 
7851092 
7851095 
7851098 
7851101 
7851104 
7851107 
7851110 
7851113 
7851116 
7851119 
7851122 
6934744 
6934747 
6934750 
6934753 
6934756 
6934759 
6934762 
6934765 
6934768 
6934771 
6934774 
6934777 
6934780 
6934783 
6934786 
6934789 
6934792 
6934795 
6934798 
6934801 
6934804 
6934807 
6934861 
6934863 
6934865 
6934867 
6934869 
6934871 
6934873 
6934875 
6934877 
6934879 
6934881 
6934883 
6934885 
6934887 
6934889 
6934891 
6934893 
6934895 
6934897 
6934899 
6934901 
7459446 
7459450 
7459454 
7459458 
7459462 
7459466 
7459470 
7459474 
7459478 
7459482 
7459486 
7459490 
7459494 
7459967 
7459971 
7459975 
7459979 
7459983 
7459987 
7459991 
7459995 
7459999 
7460003 
7460007 
7460011 
7460015 
7460019 
7460023 
7460027 
7460031 
7460035 
7460039 
7460043 
7460047 
7460051 
7460055 
7460204 
7460208 
7460212 
7460216 
7460220 
7460224 
7460228 
7460232 
7460236 
7460240 
7460244 
7460248 
7460252 
7460256 
7460260 
7460264 
7460268 
7460272 
7460276 
7460280 
7460284 
7460288 
7460292 
11132309 
11132313 
11132317 
11132321 
11132325 
11132329 
11132333 
11132337 
11132341 
11132345 
11132349 
11132353 
11132357 
11132361 
11132365 
11132369 
11132373 
11132377 
11132381 
11132385 
11132389 
11132393 
11132403 
11132407 
11132411 
11132415 
11132419 
6807046 
11132423 
6807050 
11132427 
6807054 
11132431 
6807058 
11132435 
9297429 
6807062 
11132439 
9297434 
6807066 
11132443 
6807070 
11132447 
9297439 
6807074 
11132451 
9297444 
6807078 
11132455 
9297449 
6807082 
11132459 
9297454 
6807086 
11132463 
6807090 
11132467 
9297459 
6807094 
11132471 
9297464 
6807098 
11132475 
9297469 
6807102 
11132479 
9297474 
6807106 
5758530 
6807110 
9297479 
6807114 
9297484 
6807118 
9297489 
6807122 
9297494 
6807126 
6807130 
9297499 
6807134 
9297504 
9297509 
9297514 
5758570 
9297519 
5758575 
5758579 
9297524 
9297529 
5758603 
5758606 
10346131 
10346136 
10346141 
5758622 
10346146 
5758626 
10346151 
10346156 
6807212 
6807216 
10346161 
6807220 
10346166 
6807224 
10346171 
9297595 
6807228 
10346176 
9297600 
6807232 
6807236 
10346181 
9297605 
6807240 
10346186 
9297610 
6807244 
10346191 
9297615 
6807248 
5758674 
10346196 
9297620 
6807252 
6807256 
10346201 
9297625 
6807260 
10346206 
9297630 
6807264 
10346211 
9297635 
6807268 
10346216 
9297640 
6807272 
6807276 
10346221 
9297645 
6807280 
10346226 
9297650 
6807284 
10346231 
9297655 
6807288 
5758713 
9297660 
6807292 
5758718 
6807296 
9297665 
5758722 
6807300 
9297670 
9297675 
9297680 
5758738 
9297685 
9297690 
9297695 
5758753 
10346298 
10346303 
10346308 
10346313 
10346318 
10346323 
10346328 
10346333 
10346338 
10346343 
10346348 
10346353 
10346358 
10346363 
6807662 
6807666 
6807670 
6807674 
6807678 
6807682 
6807686 
6807690 
6807694 
6807698 
6807702 
6807706 
6807710 
6807714 
6807718 
6807722 
6807726 
6807730 
6807734 
6807738 
6807742 
6807746 
6807750 
6807828 
6807832 
6807836 
6807840 
6807844 
6807848 
6807852 
6807856 
6807860 
6807864 
6807868 
6807872 
6807876 
6807880 
6807884 
6807888 
6807892 
6807896 
6807900 
6807904 
6807908 
6807912 
6807916 
10347195 
10347200 
10347205 
10347210 
10347215 
10347220 
10347225 
10347230 
10347235 
10347240 
10347245 
10347250 
10347255 
10347260 
10347265 
10347270 
10347275 
10347280 
10347285 
10347290 
10347295 
10347504 
10347509 
10347514 
10347519 
10347524 
10347529 
10347534 
10347539 
10347544 
10347549 
10347554 
10347559 
10347564 
10347569 
10347574 
10347579 
10347584 
10347589 
10347594 
10347599 
10347604 
10347692 
10347697 
10347702 
10347707 
10347712 
10347717 
10347722 
10347727 
10347732 
10347737 
10347742 
10347747 
10347752 
10347757 
10347762 
10347767 
6809414 
6809418 
6809422 
6809426 
6809430 
6809434 
6809438 
6809442 
6809446 
6809450 
6809454 
6809458 
6809462 
6809466 
6809470 
6809474 
6809478 
6809482 
6809486 
6809490 
6809494 
6809498 
6809502 
6809580 
6809584 
6809588 
6809592 
6809596 
6809600 
6809604 
6809608 
6809612 
6809616 
6809620 
6809624 
6809628 
6809632 
6809636 
6809640 
6809644 
6809648 
6809652 
6809656 
6809660 
6809664 
6809668 
5761320 
6810030 
6810034 
6810038 
6810042 
6810046 
6810050 
6810054 
6810058 
6810062 
6810066 
6810070 
6810074 
6810078 
6810082 
6810086 
6810090 
6810094 
6810098 
6810102 
6810106 
6810110 
6810114 
6810118 
6810196 
6810200 
6810204 
6810208 
6810212 
6810216 
6810220 
6810224 
6810228 
6810232 
6810236 
6810240 
6810244 
6810248 
6810252 
6810256 
6810260 
6810264 
6810268 
6810272 
6810276 
6810280 
6810284 
10349607 
10349609 
10349611 
10349613 
10349615 
10349617 
10349619 
10349621 
10349623 
10349625 
10349627 
10349629 
10349631 
10349633 
10349635 
10349637 
10349639 
10349641 
10349643 
10349645 
10349647 
10349649 
10349657 
11136093 
10349662 
11136097 
10349667 
11136101 
10349672 
11136105 
11136109 
10349677 
11136113 
10349682 
11136117 
10349687 
11136121 
10349692 
11136125 
11136129 
10349697 
11136133 
10349702 
11136137 
10349707 
11136141 
10349712 
11136145 
11136149 
10349717 
11136153 
10349722 
11136157 
10349727 
11136161 
10349732 
11136165 
11136169 
10349737 
11136173 
10349742 
11136177 
10349747 
11136181 
10349752 
10349757 
11136330 
11136334 
11136338 
11136342 
11136346 
11136350 
11136354 
11136358 
11136362 
11136366 
11136370 
10349938 
10349940 
11136374 
10349942 
10349944 
11136378 
10349946 
10349948 
11136382 
10349950 
10349952 
11136386 
10349954 
10349956 
11136390 
10349958 
10349960 
11136394 
10349962 
10349964 
11136398 
10349966 
10349968 
11136402 
10349970 
10349972 
11136406 
10349974 
10349976 
11136410 
10349978 
11136414 
10350008 
10350010 
10350012 
10350014 
10350016 
10350018 
10350020 
10350022 
10350024 
10350026 
10350028 
10350030 
10350032 
10350034 
10350036 
10350038 
10350040 
10350042 
10350044 
10350046 
10350048 
10350050 
7990837 
7990839 
7990841 
7990843 
7990845 
7990847 
7990849 
7990851 
7990853 
7990855 
7990857 
7990859 
7990861 
7990863 
7990865 
5762929 
5762957 
5762962 
5762972 
5762977 
5763154 
5763184 
5763206 
5763232 
9040522 
9040527 
9040532 
9040537 
9040542 
9040547 
9040552 
9040557 
9040562 
9040567 
9040572 
9040577 
9040582 
9040587 
9040592 
9040597 
9040602 
9040607 
9040612 
9040617 
9040622 
9302892 
9302896 
9302900 
9302904 
9302908 
9302912 
9302916 
9302920 
9302924 
9302928 
9302932 
9302936 
9302940 
9302944 
9302948 
9302952 
9302956 
9302960 
9303058 
9303062 
9303066 
9303070 
9303074 
9303078 
9303082 
9303086 
9303090 
9303094 
9303098 
9303102 
9303106 
9303110 
9303114 
9303118 
9303122 
9303126 
9303958 
9303962 
9303966 
9303970 
9303974 
9303978 
9303982 
9303986 
9303990 
9303994 
9303998 
9304002 
9304006 
9304010 
9304014 
9304018 
9304022 
9304026 
9304053 
9304057 
9304061 
9304065 
5765122 
9304069 
5765127 
9304073 
9304077 
9304081 
9304085 
9304089 
9304093 
9304097 
9304101 
9304105 
9304109 
9304113 
9304117 
9304121 
9304125 
9042227 
9042232 
9042237 
9042242 
9042247 
9042252 
9042257 
9042262 
9042267 
9042272 
9042277 
9042282 
9042287 
9042292 
9042297 
9042302 
9042307 
9042312 
9042317 
9042322 
9042327 
5765540 
5765568 
5765573 
5765583 
5765588 
5765601 
5765615 
5765624 
9042462 
9042466 
9042470 
9042474 
9042478 
9042482 
9042486 
9042490 
9042494 
9042498 
9042502 
9042506 
9042510 
9042514 
9042518 
9042522 
9042526 
9042530 
9042534 
9042538 
9042542 
6945438 
6945441 
6945444 
6945447 
6945450 
6945453 
6945456 
6945459 
6945462 
6945465 
6945468 
6945471 
6945474 
6945477 
6945480 
6945483 
6945486 
6945489 
6945492 
6945495 
6945498 
6945604 
5765958 
6945608 
5765963 
6945612 
6945616 
6945620 
6945624 
6945628 
6945632 
6945636 
6945640 
6945644 
5765996 
6945648 
6945652 
6945656 
5766010 
6945660 
6945664 
6945668 
6945672 
5766024 
6945676 
6945680 
5766033 
6945684 
5766038 
6945688 
10353607 
10353612 
10353617 
10353622 
10353627 
10353632 
10353637 
10353642 
10353647 
10353652 
10353657 
10353662 
10353667 
10353672 
10353677 
10353682 
11271190 
10353687 
11271194 
10353692 
11271198 
10353697 
11271202 
11271206 
10353702 
11271210 
10353707 
11271214 
11271218 
11271222 
11271226 
11271230 
11271234 
11271238 
11271242 
11271246 
11271250 
11271254 
11271258 
11271262 
11271266 
11271270 
11271274 
11271278 
10353796 
10353801 
10353806 
10353811 
10353816 
10353821 
10353826 
10353831 
10353836 
10353841 
10353846 
10353851 
10353856 
10353861 
10353866 
10353871 
10353876 
10353881 
10353886 
10353891 
10353896 
10353912 
10353914 
10353916 
10353918 
10353920 
10353922 
10353924 
10353926 
10353928 
10353930 
10353932 
10353934 
10353936 
10353938 
10353940 
10353942 
10353944 
10353946 
10353948 
10353950 
10353952 
10353954 
10353982 
10353984 
10353986 
10353988 
10353990 
10353992 
10353994 
10353996 
10353998 
10354000 
10354002 
10354004 
10354006 
10354008 
10354010 
10354012 
10354014 
10354016 
10354018 
10354020 
10354022 
10354024 
10354124 
10354126 
10354128 
10354130 
10354132 
10354134 
10354136 
10354138 
10354140 
10354142 
10354144 
10354146 
10354148 
10354150 
10354152 
10354154 
10354156 
10354158 
10354160 
10354162 
10354164 
6946292 
6946297 
6946302 
6946307 
6946312 
6946317 
6946322 
6946327 
6946332 
6946337 
6946342 
6946347 
6946352 
6946357 
6946362 
6946367 
6946372 
6946377 
6946382 
6946387 
6946392 
6946397 
6946481 
6946485 
6946489 
6946493 
6946497 
6946501 
6946505 
6946509 
6946513 
6946517 
6946521 
6946525 
6946529 
6946533 
6946537 
6946541 
6946545 
6946549 
6946553 
6946557 
6946561 
6946742 
6946746 
6946750 
6946754 
6946758 
6946762 
6946766 
6946770 
6946774 
6946778 
6946782 
6946786 
6946790 
6946794 
6946798 
6946802 
6946806 
6946810 
6946814 
)

// ************************************************************************* //
