/*--------------------------------*- C++ -*----------------------------------*\
| =========                 |                                                 |
| \\      /  F ield         | OpenFOAM: The Open Source CFD Toolbox           |
|  \\    /   O peration     | Version:  4.1                                   |
|   \\  /    A nd           | Web:      www.OpenFOAM.org                      |
|    \\/     M anipulation  |                                                 |
\*---------------------------------------------------------------------------*/
FoamFile
{
    version     2.0;
    format      ascii;
    class       faceSet;
    location    "constant/polyMesh/sets";
    object      nonOrthoFaces;
}
// * * * * * * * * * * * * * * * * * * * * * * * * * * * * * * * * * * * * * //


462
(
3605102 
5703066 
5703068 
5703070 
5703072 
5703074 
5703076 
5703078 
5703080 
5703082 
5703084 
5703086 
3606239 
3608136 
3544678 
5707542 
5707544 
5707546 
5707548 
5707550 
5707552 
5707554 
3610486 
6297719 
6297722 
3610797 
3611665 
3546358 
3611986 
4988825 
3547349 
3548022 
3613591 
3548752 
3616344 
3552461 
3618579 
3554200 
6112140 
6112144 
6112148 
6112152 
6112156 
6112160 
6112164 
6112168 
3623088 
3559290 
3625139 
3625430 
4280981 
3560731 
5331243 
3562035 
3563532 
6119723 
6119725 
4612506 
3630111 
6251555 
6251558 
6251561 
3631325 
3632846 
3633280 
6124383 
6124385 
6124387 
6124389 
6124499 
6124501 
6124503 
6124505 
6124507 
6124509 
6124615 
6124617 
6124619 
6124621 
6124623 
6124625 
6124627 
6124629 
6124733 
6124735 
6124737 
6124739 
6124741 
6124743 
6124745 
6124747 
6124849 
6124851 
6124853 
6124855 
6124857 
6124859 
6124861 
6124863 
6124865 
6124967 
6124969 
6124971 
6124973 
6124975 
6124977 
6124979 
6124981 
6124983 
6124985 
6125085 
6125087 
6125089 
6125091 
6125093 
6125095 
6125097 
6125099 
6125101 
6125103 
6125203 
6125205 
6125207 
6125209 
6125211 
6125213 
6125215 
6125217 
6125219 
6125221 
3570917 
3570954 
3573281 
4949809 
6129865 
6129867 
6129869 
6129871 
6129873 
6129875 
6129877 
6129879 
6129881 
6129883 
6129983 
6129985 
6129987 
6129989 
6129991 
6129993 
6129995 
6129997 
6129999 
6130001 
6130099 
6130101 
6130103 
6130105 
6130107 
6130109 
6130111 
6130113 
6130115 
6130117 
6130119 
6130217 
6130219 
6130221 
6130223 
6130225 
6130227 
6130229 
6130231 
6130233 
6130235 
6130237 
6130335 
6130337 
6130339 
6130341 
6130343 
6130345 
6130347 
6130349 
6130351 
6130353 
6130355 
6130357 
6130453 
6130455 
6130457 
6130459 
6130461 
6130463 
6130465 
6130467 
6130469 
6130471 
6130473 
6130475 
6130571 
6130573 
6130575 
6130577 
6130579 
6130581 
6130583 
6130585 
6130587 
6130589 
6130591 
6130593 
6130689 
6130691 
6130693 
6130695 
6130697 
6130699 
6130701 
6130703 
6130705 
6130707 
6130709 
6130711 
3574990 
3576293 
4822524 
4822528 
4822532 
4822536 
4298251 
4822540 
3577442 
3577942 
4823448 
4823450 
4823452 
4823454 
4823456 
4823458 
4823460 
4823462 
4823464 
6135351 
6135353 
6135355 
6135357 
6135359 
6135361 
6135363 
6135365 
6135367 
6135369 
6135371 
6135373 
6135469 
6135471 
6135473 
6135475 
6135477 
6135479 
6135481 
6135483 
6135485 
6135487 
6135489 
6135491 
6135587 
6135589 
6135591 
6135593 
6135595 
6135597 
6135599 
6135601 
6135603 
6135605 
6135607 
6135609 
6135705 
6135707 
6135709 
6135711 
6135713 
6135715 
6135717 
6135719 
6135721 
6135723 
6135725 
6135727 
6135823 
6135825 
6135827 
6135829 
6135831 
6135833 
6135835 
6135837 
6135839 
6135841 
6135843 
6135845 
6135941 
6135943 
6135945 
6135947 
6135949 
6135951 
6135953 
6135955 
6135957 
6135959 
6135961 
6135963 
6136059 
6136061 
6136063 
6136065 
6136067 
6136069 
6136071 
6136073 
6136075 
6136077 
6136079 
6136081 
6136177 
6136179 
6136181 
6136183 
6136185 
6136187 
6136189 
6136191 
6136193 
6136195 
6136197 
6136199 
3580801 
6141075 
6141077 
6141079 
6141081 
6141083 
6141085 
6141087 
6141089 
6141091 
6141093 
6141095 
6141097 
6141193 
6141195 
6141197 
6141199 
6141201 
6141203 
6141205 
6141207 
6141209 
6141211 
6141213 
6141215 
6141311 
6141313 
6141315 
6141317 
6141319 
6141321 
6141323 
6141325 
6141327 
6141329 
6141331 
6141333 
6141431 
6141433 
6141435 
6141437 
6141439 
6141441 
6141443 
6141445 
6141447 
6141449 
6141451 
6141549 
6141551 
6141553 
6141555 
6141557 
6141559 
6141561 
6141563 
6141565 
6141567 
3913403 
3913405 
3913407 
3913409 
3913411 
3913413 
3913415 
3913417 
3913419 
6141667 
6141669 
6141671 
6141673 
6141675 
6141677 
6141679 
6141681 
6141683 
6141685 
6141785 
6141787 
6141789 
6141791 
6141793 
6141795 
6141797 
6141799 
6141801 
6141803 
6141903 
6141905 
6141907 
6141909 
6141911 
6141913 
6141915 
6141917 
6141919 
6141921 
6141923 
3587315 
3588108 
6145235 
6145237 
6145239 
6145241 
6145243 
6145245 
6145247 
6145249 
6145251 
6145253 
6145255 
6145257 
6145259 
3591409 
3592418 
4647934 
4386037 
4386041 
4386045 
4386049 
5765991 
5307338 
5832049 
)

// ************************************************************************* //
